0 0.398459 0.0409833 0.0345672 0.0515174 1
0 0.662381 0.105606 0.0327075 0.058706 2
0 0.573722 0.099511 0.0327809 0.0587658 3
0 0.302705 0.0354065 0.0356355 0.0537657 4
0 0.613965 0.184117 0.0329551 0.0500121 5
0 0.466941 0.0918422 0.0344021 0.0609042 6
0 0.74596 0.130676 0.0305464 0.0570301 7
0 0.303124 0.15655 0.0357376 0.0576225 8
0 0.702526 0.1888 0.0317664 0.0489645 9
0 0.615268 0.0491385 0.032255 0.0477937 10
0 0.5117 0.173982 0.0318932 0.0533927 11
0 0.399311 0.15546 0.0350404 0.0580897 12
