0 0.396697 0.334692 0.0350286 0.0545254 1
0 0.65861 0.401049 0.0324174 0.0596525 2
0 0.570317 0.394904 0.0324587 0.0586891 3
0 0.301063 0.330256 0.0358449 0.0564798 4
0 0.60989 0.475677 0.0324904 0.048382 5
0 0.464346 0.388196 0.0325498 0.0593506 6
0 0.741814 0.424021 0.0309616 0.056306 7
0 0.299776 0.450914 0.034225 0.0522463 8
0 0.697147 0.480037 0.033911 0.0473243 9
0 0.612853 0.343873 0.0323932 0.0516745 10
0 0.507772 0.466927 0.0308673 0.0492019 11
0 0.395911 0.449557 0.034043 0.0547696 12
