0 0.398597 0.0423575 0.0347914 0.05184 1
0 0.662582 0.106717 0.0328409 0.0590143 2
0 0.573695 0.101053 0.0328897 0.0588181 3
0 0.302821 0.0367528 0.0359666 0.0543453 4
0 0.614126 0.185481 0.0328935 0.0499331 5
0 0.467083 0.0933976 0.0344704 0.0612592 6
0 0.746205 0.132227 0.0305901 0.0567554 7
0 0.303405 0.157873 0.035608 0.0575115 8
0 0.702566 0.190593 0.0319597 0.0493272 9
0 0.615573 0.0510558 0.0323176 0.0477462 10
0 0.511839 0.175656 0.0318799 0.053799 11
0 0.399578 0.156965 0.0350586 0.0581098 12
