0 0.398601 0.0410102 0.034581 0.0514401 1
0 0.66263 0.105549 0.0326688 0.0585959 2
0 0.573792 0.0997327 0.0326827 0.058743 3
0 0.30292 0.0356849 0.0356706 0.0537452 4
0 0.614126 0.184167 0.0329585 0.0499253 5
0 0.467029 0.0918348 0.0344551 0.0612565 6
0 0.746072 0.130904 0.0307706 0.0573772 7
0 0.303289 0.156705 0.0355807 0.0573967 8
0 0.702648 0.188979 0.0316395 0.0489124 9
0 0.615419 0.0491094 0.0322114 0.0477449 10
0 0.511911 0.174188 0.0317614 0.0533128 11
0 0.399429 0.155442 0.0351082 0.0579349 12
