0 0.569298 0.813884 0.0321722 0.0575234 14
0 0.354166 0.791066 0.0342476 0.0595715 15
0 0.258611 0.782668 0.0353698 0.0595474 16
0 0.523319 0.863912 0.0337865 0.0589712 17
0 0.611047 0.874757 0.0319464 0.0579537 18
0 0.41858 0.851034 0.0329319 0.06009 19
0 0.690824 0.902806 0.0301842 0.0543884 20
0 0.346957 0.905517 0.0350884 0.0469605 21
0 0.25149 0.901361 0.0354322 0.0458129 22
0 0.457817 0.926427 0.0332966 0.0397796 23
0 0.557744 0.938801 0.0334002 0.0356383 24
0 0.643024 0.947688 0.0330331 0.0341357 25
