0 0.398752 0.0408533 0.0345839 0.0511951 1
0 0.662751 0.105516 0.0329447 0.0590384 2
0 0.573952 0.0993286 0.032724 0.0588063 3
0 0.302915 0.0355556 0.0354732 0.0535024 4
0 0.614291 0.184125 0.0330665 0.0499898 5
0 0.467096 0.0918869 0.0345159 0.0613827 6
0 0.746138 0.130493 0.0306286 0.05716 7
0 0.303424 0.156426 0.0356459 0.057565 8
0 0.702759 0.188648 0.0316516 0.0488637 9
0 0.615564 0.0489918 0.0321794 0.0476711 10
0 0.512031 0.173893 0.0317918 0.0535062 11
0 0.39955 0.155225 0.0350796 0.0581484 12
