0 0.398611 0.0408516 0.0346271 0.0515544 1
0 0.66246 0.105649 0.0327748 0.0587641 2
0 0.573623 0.0994881 0.0327572 0.0587567 3
0 0.302812 0.0355521 0.0356063 0.053547 4
0 0.613946 0.18407 0.0330364 0.0500375 5
0 0.466953 0.0919148 0.0341517 0.0608455 6
0 0.745854 0.130637 0.0306305 0.0569601 7
0 0.30325 0.156632 0.03564 0.0575762 8
0 0.702427 0.188903 0.0317288 0.0489602 9
0 0.615353 0.0493046 0.0322489 0.0478819 10
0 0.511744 0.174078 0.0317854 0.0535359 11
0 0.399379 0.155513 0.0350703 0.0580951 12
