0 0.398635 0.0410383 0.0345309 0.051213 1
0 0.66262 0.105626 0.0327826 0.0588639 2
0 0.57387 0.0996788 0.0327766 0.0589762 3
0 0.30296 0.0357044 0.035699 0.0536625 4
0 0.614122 0.184285 0.0329424 0.0498924 5
0 0.467104 0.0920631 0.0344426 0.0612308 6
0 0.746112 0.130761 0.0305866 0.0569108 7
0 0.303433 0.15666 0.035726 0.0576554 8
0 0.702561 0.188895 0.0316624 0.0490014 9
0 0.615525 0.0492542 0.0322289 0.0478069 10
0 0.511961 0.174282 0.0317195 0.0530397 11
0 0.399512 0.155513 0.0351112 0.0579876 12
