0 0.398551 0.0409248 0.0344786 0.0513608 1
0 0.662604 0.105639 0.0327638 0.0587618 2
0 0.573879 0.0995844 0.0326264 0.0583743 3
0 0.302876 0.0355831 0.0357343 0.0538591 4
0 0.614057 0.184186 0.0328788 0.0498347 5
0 0.467019 0.0918288 0.0343382 0.0609641 6
0 0.746079 0.130739 0.0305897 0.0570674 7
0 0.303265 0.156656 0.035529 0.0573664 8
0 0.702646 0.188921 0.0317701 0.0490161 9
0 0.615415 0.0491273 0.0322928 0.0478364 10
0 0.511904 0.174067 0.0317851 0.0533584 11
0 0.399416 0.155553 0.0351372 0.0579644 12
