0 0.398543 0.0410421 0.034484 0.0511543 1
0 0.662447 0.10567 0.0327735 0.059007 2
0 0.573709 0.099604 0.0327942 0.058913 3
0 0.302849 0.0356452 0.0356982 0.0537414 4
0 0.614009 0.184279 0.0328931 0.0497999 5
0 0.467004 0.0918715 0.0344748 0.0611494 6
0 0.745926 0.130844 0.0306566 0.0573351 7
0 0.303278 0.156667 0.0356589 0.0574693 8
0 0.702441 0.188938 0.0317625 0.0490551 9
0 0.615403 0.0493217 0.0323383 0.04799 10
0 0.511769 0.174185 0.0317252 0.0533119 11
0 0.399365 0.155583 0.0351553 0.0579702 12
