0 0.398329 0.0408848 0.0344037 0.0512785 1
0 0.662259 0.105613 0.0325945 0.05845 2
0 0.573544 0.0996284 0.0329062 0.0586741 3
0 0.30257 0.0353138 0.0355933 0.0536884 4
0 0.613927 0.184126 0.0329177 0.0499817 5
0 0.466901 0.0918275 0.0343297 0.0605985 6
0 0.745897 0.130636 0.030408 0.0568091 7
0 0.303025 0.156544 0.0356677 0.057575 8
0 0.70231 0.188811 0.0317225 0.0490446 9
0 0.61526 0.0491258 0.0322136 0.0475801 10
0 0.5116 0.174067 0.0318136 0.0533543 11
0 0.399174 0.155468 0.0349398 0.0578291 12
