0 0.398376 0.0408917 0.0343099 0.0511488 1
0 0.662246 0.105735 0.0325387 0.0584954 2
0 0.573435 0.0998419 0.0327714 0.0586072 3
0 0.302691 0.0356852 0.0356679 0.0538058 4
0 0.613862 0.184296 0.0327769 0.049821 5
0 0.466918 0.0917742 0.0344792 0.0609986 6
0 0.745683 0.130948 0.0305146 0.0571528 7
0 0.303041 0.1566 0.0356832 0.0573807 8
0 0.702183 0.189045 0.0317793 0.0490839 9
0 0.615173 0.0494153 0.0322099 0.0476665 10
0 0.511529 0.174165 0.0318396 0.0532691 11
0 0.399174 0.155581 0.0352113 0.0580861 12
