0 0.398279 0.0408481 0.0342915 0.0511442 1
0 0.662263 0.105651 0.0325993 0.0584201 2
0 0.573559 0.099639 0.0330163 0.0588037 3
0 0.30252 0.0354505 0.0354182 0.0533646 4
0 0.613927 0.18414 0.0329341 0.0499954 5
0 0.466849 0.0917789 0.0344626 0.0608843 6
0 0.745834 0.130625 0.0304496 0.0568689 7
0 0.303013 0.156547 0.0356897 0.0576785 8
0 0.702327 0.188873 0.0316654 0.0489002 9
0 0.61518 0.0491758 0.0322058 0.0474748 10
0 0.511606 0.174003 0.0318605 0.053402 11
0 0.399172 0.155498 0.0349726 0.0578811 12
