0 0.398279 0.0408521 0.0343785 0.0513196 1
0 0.662262 0.105637 0.0326453 0.0585725 2
0 0.573609 0.0996032 0.032828 0.0584717 3
0 0.302457 0.0353098 0.0354678 0.0535242 4
0 0.613921 0.184134 0.0328876 0.0499011 5
0 0.46685 0.0917802 0.0343286 0.0606266 6
0 0.745822 0.130623 0.030382 0.0568084 7
0 0.303015 0.15654 0.0356901 0.0576801 8
0 0.702309 0.188848 0.0317366 0.0490191 9
0 0.615187 0.0491064 0.0322907 0.0476494 10
0 0.511579 0.174074 0.0318548 0.053295 11
0 0.399144 0.155447 0.0351443 0.0582174 12
