0 0.398301 0.0408687 0.0343548 0.051307 1
0 0.662238 0.105821 0.0326447 0.0587153 2
0 0.573396 0.0996746 0.0329493 0.0589745 3
0 0.30261 0.0355129 0.0356323 0.0537551 4
0 0.613835 0.184271 0.032907 0.0499851 5
0 0.46692 0.0919793 0.0344379 0.0609316 6
0 0.7457 0.130744 0.0304924 0.0572003 7
0 0.303008 0.156608 0.035708 0.0575619 8
0 0.702138 0.18888 0.0317576 0.0490135 9
0 0.615163 0.0493732 0.0323459 0.0478264 10
0 0.511492 0.174185 0.031745 0.0532883 11
0 0.399186 0.155621 0.0352045 0.0580889 12
