0 0.398673 0.040838 0.0344851 0.0512376 1
0 0.662766 0.105278 0.0328013 0.058603 2
0 0.573914 0.0995547 0.0326934 0.0588752 3
0 0.302956 0.0354479 0.0356365 0.0535873 4
0 0.614225 0.184058 0.0328408 0.0496796 5
0 0.467041 0.0915776 0.034375 0.0613867 6
0 0.746175 0.130466 0.0306767 0.0569204 7
0 0.303379 0.156511 0.0355363 0.0575217 8
0 0.702737 0.188674 0.0315628 0.0488141 9
0 0.615541 0.0488795 0.0321552 0.047596 10
0 0.511957 0.173806 0.0316414 0.0535042 11
0 0.399538 0.155244 0.0348738 0.0579072 12
