0 0.398424 0.0409831 0.0344229 0.0512349 1
0 0.662361 0.105747 0.0327073 0.0588286 2
0 0.573534 0.0997921 0.0328091 0.0586956 3
0 0.302764 0.0356363 0.0357337 0.0538652 4
0 0.613892 0.184246 0.032847 0.0498424 5
0 0.466958 0.0919201 0.0345959 0.0612606 6
0 0.745724 0.130876 0.0305462 0.0572787 7
0 0.303166 0.15662 0.0357326 0.0574961 8
0 0.702227 0.188919 0.0317839 0.0490688 9
0 0.615248 0.0494321 0.0324419 0.048016 10
0 0.511624 0.174275 0.0318546 0.0533497 11
0 0.399244 0.155626 0.0351943 0.0581308 12
