0 0.398578 0.0411018 0.0344777 0.0511729 1
0 0.662601 0.105639 0.0327481 0.0588554 2
0 0.573804 0.0997768 0.0327155 0.0588446 3
0 0.302792 0.0357432 0.0356926 0.0537579 4
0 0.614089 0.18424 0.0328679 0.0497592 5
0 0.467057 0.0918987 0.0344025 0.061028 6
0 0.745947 0.130939 0.0306141 0.0570911 7
0 0.303385 0.156698 0.0357525 0.0576519 8
0 0.70249 0.18898 0.031633 0.0488393 9
0 0.615532 0.0492887 0.0320881 0.0475705 10
0 0.511822 0.174308 0.0316004 0.0530986 11
0 0.399484 0.155488 0.035064 0.0578134 12
