0 0.398422 0.0410626 0.034386 0.0511682 1
0 0.662344 0.105761 0.0326845 0.0587889 2
0 0.573526 0.0998179 0.0328254 0.0587199 3
0 0.302809 0.0355496 0.0357013 0.0538123 4
0 0.613891 0.184233 0.0328112 0.0497703 5
0 0.466953 0.0919339 0.0344376 0.0609678 6
0 0.745742 0.130781 0.0304528 0.0570767 7
0 0.303168 0.15666 0.0357618 0.0575416 8
0 0.702261 0.188959 0.031715 0.0489424 9
0 0.61531 0.049378 0.0322747 0.0477631 10
0 0.511659 0.174242 0.0318394 0.0533144 11
0 0.399276 0.155572 0.0352193 0.0581843 12
