0 0.398274 0.0408081 0.0343617 0.0513225 1
0 0.662228 0.105708 0.0326314 0.0587176 2
0 0.573488 0.0995776 0.0329583 0.0590795 3
0 0.302631 0.0354943 0.0356786 0.0537712 4
0 0.613796 0.184268 0.0329127 0.0500043 5
0 0.466865 0.091921 0.0342887 0.0606887 6
0 0.745686 0.130639 0.0305084 0.0574056 7
0 0.303023 0.156569 0.0356456 0.0574689 8
0 0.702194 0.188836 0.0317661 0.0490089 9
0 0.615166 0.0493706 0.0323483 0.0477987 10
0 0.511493 0.17407 0.0317936 0.0533854 11
0 0.399157 0.155496 0.0352221 0.0580846 12
