0 0.398644 0.0408908 0.0344468 0.0511104 1
0 0.662673 0.10539 0.0328487 0.0588198 2
0 0.573866 0.099362 0.0327383 0.0587372 3
0 0.302995 0.0353308 0.0356107 0.0536262 4
0 0.614141 0.184085 0.0329575 0.0498188 5
0 0.466983 0.0917432 0.0343042 0.0609747 6
0 0.746121 0.130224 0.0305715 0.0570417 7
0 0.303382 0.15637 0.0356766 0.0576629 8
0 0.702684 0.188467 0.0316779 0.0489363 9
0 0.615454 0.0490862 0.0322115 0.0476232 10
0 0.511898 0.173946 0.031616 0.0532557 11
0 0.399509 0.155248 0.0349679 0.058017 12
