0 0.398462 0.0409961 0.0344008 0.0510847 1
0 0.662404 0.105637 0.0327384 0.0589963 2
0 0.573616 0.0996519 0.0328776 0.0588031 3
0 0.30279 0.0355646 0.0356462 0.0537176 4
0 0.613946 0.184227 0.0328747 0.0498448 5
0 0.466985 0.0917968 0.0344459 0.0610402 6
0 0.745909 0.130715 0.0305361 0.0570736 7
0 0.303176 0.156666 0.0356699 0.0575083 8
0 0.702329 0.188876 0.0317274 0.0490124 9
0 0.615297 0.0492398 0.0322846 0.0478201 10
0 0.511673 0.174206 0.0317857 0.0533827 11
0 0.399295 0.155585 0.0351608 0.058043 12
