0 0.398551 0.0409932 0.0345025 0.0514065 1
0 0.662547 0.105755 0.0327114 0.0588365 2
0 0.573817 0.0997279 0.0327801 0.0587895 3
0 0.302783 0.0355572 0.0355884 0.0539481 4
0 0.614092 0.184255 0.0328877 0.0498425 5
0 0.467024 0.091905 0.0343716 0.0609035 6
0 0.74605 0.130646 0.0306066 0.0567979 7
0 0.303301 0.156731 0.0356255 0.0575811 8
0 0.702591 0.18891 0.0317338 0.0488896 9
0 0.615435 0.0491931 0.0322268 0.0477236 10
0 0.511864 0.174279 0.0317388 0.0533104 11
0 0.399424 0.155559 0.034995 0.057976 12
