0 0.398586 0.0408397 0.0345987 0.0515161 1
0 0.66248 0.105574 0.0327221 0.0586712 2
0 0.573609 0.0995876 0.0327494 0.0587114 3
0 0.302848 0.0355758 0.0356603 0.0536455 4
0 0.613966 0.184111 0.0329744 0.0499637 5
0 0.466951 0.0918979 0.0343042 0.0610968 6
0 0.745874 0.130733 0.0305539 0.0567874 7
0 0.303236 0.156655 0.0356387 0.0575596 8
0 0.702447 0.188993 0.0317478 0.0489805 9
0 0.615411 0.0492977 0.0322021 0.047797 10
0 0.511694 0.173978 0.0317739 0.0535083 11
0 0.399378 0.155422 0.035059 0.0580376 12
