0 0.398411 0.040877 0.0344218 0.0511252 1
0 0.662307 0.105653 0.0326133 0.0586452 2
0 0.573511 0.0996801 0.0328322 0.0585718 3
0 0.302749 0.0354097 0.0356281 0.0535125 4
0 0.613933 0.184122 0.0328228 0.0498402 5
0 0.4669 0.0916227 0.0344043 0.0609429 6
0 0.745837 0.1305 0.0303124 0.0568862 7
0 0.303155 0.156507 0.0356619 0.0574208 8
0 0.702388 0.188772 0.031688 0.048907 9
0 0.615278 0.049261 0.0321795 0.0475172 10
0 0.51157 0.17395 0.0317068 0.0533745 11
0 0.399232 0.155282 0.0351351 0.0579337 12
