0 0.559402 0.831394 0.0311138 0.0558675 14
0 0.346278 0.800754 0.0340359 0.0590112 15
0 0.250846 0.787695 0.0362319 0.0617633 16
0 0.51399 0.881609 0.0331499 0.0585566 17
0 0.6005 0.896327 0.0310355 0.0567546 18
0 0.409637 0.864227 0.0333153 0.0609091 19
0 0.678933 0.928046 0.0295011 0.0512015 20
0 0.336441 0.914948 0.0356665 0.0481465 21
0 0.240726 0.906118 0.0354896 0.0456905 22
0 0.447011 0.940016 0.0323257 0.0391737 23
0 0.54657 0.956499 0.0325621 0.0348077 24
0 0.6314 0.969467 0.0332719 0.0342119 25
