0 0.39868 0.0471294 0.0343922 0.0514535 1
0 0.662399 0.113049 0.032299 0.058152 2
0 0.573811 0.106403 0.0327935 0.0584952 3
0 0.302967 0.0422236 0.0356326 0.0533887 4
0 0.614117 0.191173 0.0328534 0.0501048 5
0 0.466821 0.0989079 0.0343571 0.0615081 6
0 0.746113 0.13835 0.0303638 0.0564625 7
0 0.303208 0.163126 0.0356558 0.0577017 8
0 0.702491 0.195995 0.0315242 0.0484547 9
0 0.615658 0.0571382 0.0320873 0.0470928 10
0 0.511872 0.181144 0.0316942 0.0532802 11
0 0.399412 0.161716 0.0348047 0.0578293 12
