0 0.562947 0.819886 0.0309824 0.0556747 14
0 0.348692 0.792211 0.0337816 0.0595222 15
0 0.253235 0.780294 0.0359875 0.0602792 16
0 0.516929 0.87047 0.033312 0.0585009 17
0 0.604113 0.884933 0.0308072 0.0562493 18
0 0.41213 0.853681 0.033602 0.060494 19
0 0.682989 0.914679 0.0296364 0.0520716 20
0 0.340028 0.905783 0.0350047 0.0472617 21
0 0.244111 0.898984 0.0345523 0.0450434 22
0 0.450244 0.929934 0.0323349 0.0394659 23
0 0.550441 0.945263 0.0325279 0.0353372 24
0 0.635223 0.957922 0.0324954 0.033451 25
