0 0.398632 0.041045 0.0345342 0.0512212 1
0 0.662613 0.105661 0.0328045 0.0588682 2
0 0.573849 0.0997511 0.0327752 0.0589673 3
0 0.303001 0.0356609 0.0357239 0.0537326 4
0 0.614123 0.184284 0.03296 0.0499211 5
0 0.467095 0.0919984 0.0343604 0.0610564 6
0 0.746188 0.130787 0.0307209 0.0570859 7
0 0.303388 0.156648 0.035676 0.0575699 8
0 0.7026 0.18886 0.0316691 0.0489461 9
0 0.615525 0.0492526 0.0322329 0.0478038 10
0 0.51194 0.174194 0.0317797 0.053146 11
0 0.3995 0.155476 0.0351603 0.0581033 12
