0 0.398459 0.0409905 0.0343838 0.0510635 1
0 0.66236 0.10563 0.0325498 0.0586263 2
0 0.573479 0.099828 0.03273 0.058508 3
0 0.302806 0.035533 0.0357047 0.0538351 4
0 0.613936 0.184185 0.0327746 0.0496851 5
0 0.466966 0.0918221 0.0343271 0.0607705 6
0 0.745894 0.130861 0.0304992 0.0570667 7
0 0.303123 0.156648 0.0357348 0.0576273 8
0 0.702271 0.188963 0.0317182 0.0490107 9
0 0.615281 0.0493999 0.032081 0.0475216 10
0 0.511704 0.174288 0.0317176 0.0532071 11
0 0.399304 0.155595 0.0351893 0.058086 12
