0 0.39856 0.0409817 0.0345473 0.0514012 1
0 0.662631 0.105608 0.0327371 0.0587283 2
0 0.573858 0.0996223 0.0327869 0.0589576 3
0 0.302896 0.0355839 0.035647 0.0537048 4
0 0.61416 0.184268 0.033025 0.0500496 5
0 0.467057 0.0918688 0.0344101 0.0611815 6
0 0.746026 0.130772 0.0306893 0.0572313 7
0 0.303326 0.156653 0.0356057 0.0574375 8
0 0.702679 0.188912 0.0316848 0.0489698 9
0 0.615444 0.0492172 0.0323294 0.0479501 10
0 0.511901 0.174173 0.0317615 0.0533342 11
0 0.399535 0.155547 0.0351519 0.0580156 12
