0 0.576683 0.835819 0.0304267 0.0536068 14
0 0.361392 0.824646 0.0365527 0.06046 15
0 0.264868 0.819223 0.0364934 0.0608152 16
0 0.531656 0.8894 0.0351836 0.0591338 17
0 0.617911 0.896597 0.0320098 0.05591 18
0 0.426297 0.881925 0.0338008 0.0606807 19
0 0.699426 0.920542 0.0302158 0.0513048 20
0 0.355634 0.939672 0.038292 0.0463668 21
0 0.25941 0.940327 0.0371624 0.0427799 22
0 0.466454 0.95542 0.0379613 0.0405154 23
0 0.567125 0.964341 0.0374595 0.03643 24
0 0.653269 0.968894 0.036305 0.036255 25
