0 0.398619 0.0410056 0.0344697 0.051141 1
0 0.662637 0.105516 0.0327481 0.0587624 2
0 0.573816 0.0997036 0.0327119 0.058891 3
0 0.302936 0.035572 0.0356924 0.0537137 4
0 0.614188 0.184107 0.032896 0.0498395 5
0 0.467063 0.0918875 0.034303 0.0609016 6
0 0.745964 0.130722 0.0307098 0.0570439 7
0 0.303412 0.156634 0.0357009 0.0576354 8
0 0.702604 0.188953 0.0316652 0.0489369 9
0 0.615603 0.049238 0.0321435 0.0477573 10
0 0.511984 0.174162 0.0317747 0.0531703 11
0 0.399526 0.15548 0.0351791 0.0581403 12
