0 0.398414 0.0410671 0.0344095 0.0510869 1
0 0.662359 0.105708 0.0326069 0.0587452 2
0 0.573544 0.0996802 0.0329216 0.0588981 3
0 0.302821 0.0355069 0.0356336 0.0537158 4
0 0.613908 0.18421 0.0328374 0.0497853 5
0 0.466941 0.0919119 0.0343411 0.0608189 6
0 0.745807 0.130769 0.0304834 0.0570493 7
0 0.303142 0.156667 0.0357027 0.0575693 8
0 0.702282 0.188958 0.0317126 0.0489998 9
0 0.615324 0.0493011 0.0321918 0.0476966 10
0 0.51169 0.17423 0.0317656 0.0533254 11
0 0.399297 0.15555 0.0351985 0.0581156 12
