0 0.39872 0.0408718 0.0345147 0.0511776 1
0 0.66287 0.105388 0.0329573 0.0589361 2
0 0.574016 0.099553 0.0327473 0.0588891 3
0 0.303062 0.0354573 0.0358066 0.0538634 4
0 0.614304 0.184152 0.0329105 0.0498784 5
0 0.467138 0.0918691 0.0345133 0.0615322 6
0 0.746255 0.130442 0.0306827 0.0572786 7
0 0.303505 0.156475 0.0355997 0.0575276 8
0 0.702747 0.188651 0.0315473 0.0488421 9
0 0.615628 0.0490705 0.0321413 0.0476761 10
0 0.512026 0.17395 0.0316311 0.0534111 11
0 0.399616 0.155341 0.0349768 0.0580496 12
