0 0.562562 0.820982 0.0311115 0.0558662 14
0 0.348401 0.793014 0.0338916 0.0596801 15
0 0.252932 0.780657 0.0363916 0.0611458 16
0 0.516694 0.871504 0.0334253 0.0587418 17
0 0.60367 0.886319 0.0309299 0.0565452 18
0 0.411648 0.855087 0.033549 0.0604007 19
0 0.682416 0.915886 0.0298925 0.0524979 20
0 0.339524 0.906761 0.0349957 0.0472254 21
0 0.24381 0.899402 0.0348093 0.0452404 22
0 0.449954 0.930933 0.0327649 0.0400291 23
0 0.549959 0.946264 0.0327424 0.0356094 24
0 0.634936 0.958867 0.0328969 0.0339279 25
