0 0.398597 0.0410788 0.0344998 0.051163 1
0 0.662583 0.105715 0.0327403 0.0587821 2
0 0.57376 0.0997041 0.0327301 0.0588975 3
0 0.302968 0.0356136 0.0357123 0.0537118 4
0 0.61406 0.184268 0.0328898 0.0498028 5
0 0.467062 0.092031 0.0344081 0.0610915 6
0 0.745981 0.130825 0.0306144 0.0569771 7
0 0.303383 0.156717 0.0356463 0.057539 8
0 0.70252 0.188996 0.0316491 0.0489322 9
0 0.615519 0.0492946 0.0321698 0.0477211 10
0 0.511957 0.174256 0.0317172 0.0530717 11
0 0.399491 0.155509 0.0351331 0.0579958 12
