0 0.398222 0.0408151 0.0342267 0.0511783 1
0 0.662243 0.105597 0.032577 0.0585048 2
0 0.573505 0.09959 0.0328784 0.0586439 3
0 0.302539 0.0354459 0.0355045 0.0535272 4
0 0.613922 0.184109 0.0328863 0.0499381 5
0 0.466872 0.0917295 0.0343328 0.0606937 6
0 0.745809 0.130559 0.0303908 0.0568583 7
0 0.302988 0.156572 0.0357144 0.0576802 8
0 0.702302 0.188829 0.0316938 0.0489782 9
0 0.615147 0.0491261 0.0323967 0.0478402 10
0 0.511637 0.174075 0.0319639 0.0534409 11
0 0.399123 0.155512 0.0351015 0.0581223 12
