0 0.398471 0.0408599 0.0344 0.0510816 1
0 0.662499 0.105482 0.032675 0.0586682 2
0 0.5737 0.0993362 0.0326415 0.05849 3
0 0.3029 0.0353579 0.0355327 0.0533971 4
0 0.614038 0.184022 0.0328275 0.0498233 5
0 0.466981 0.0917463 0.0343775 0.0611302 6
0 0.745948 0.130414 0.0303618 0.0568138 7
0 0.303286 0.156409 0.0356644 0.0575049 8
0 0.702587 0.188623 0.0315845 0.0488079 9
0 0.615446 0.0490724 0.0321192 0.0474626 10
0 0.511804 0.173866 0.0316733 0.0532864 11
0 0.399399 0.155206 0.0350796 0.0579536 12
