0 0.392795 0.656434 0.0350815 0.0567244 1
0 0.654372 0.715224 0.0319069 0.0582011 2
0 0.566254 0.712451 0.0316905 0.0565342 3
0 0.29753 0.656932 0.0356367 0.0587621 4
0 0.605317 0.78838 0.0312969 0.0430317 5
0 0.459964 0.708805 0.032911 0.0589809 6
0 0.737135 0.737904 0.0292206 0.0542694 7
0 0.296037 0.775789 0.0341106 0.0503543 8
0 0.693218 0.790769 0.0310153 0.0427472 9
0 0.608778 0.657583 0.032093 0.0526986 10
0 0.503095 0.783408 0.0309874 0.0468269 11
0 0.391856 0.77244 0.0345445 0.0538055 12
