0 0.398297 0.0409974 0.034524 0.0515337 1
0 0.662322 0.105645 0.032715 0.0587521 2
0 0.573613 0.0995748 0.0328952 0.0588545 3
0 0.302642 0.0353004 0.0355459 0.0536076 4
0 0.613935 0.184106 0.0329331 0.0499819 5
0 0.46688 0.0917189 0.0343624 0.0607538 6
0 0.745904 0.130655 0.0305186 0.0571012 7
0 0.303046 0.156539 0.0357419 0.0577154 8
0 0.702389 0.188829 0.0317553 0.0489825 9
0 0.61522 0.0490966 0.0322821 0.0477086 10
0 0.511692 0.174036 0.0319048 0.0533154 11
0 0.399193 0.155391 0.0351028 0.0582028 12
