0 0.398458 0.0410244 0.0343458 0.0512443 1
0 0.662467 0.105794 0.0326246 0.0585674 2
0 0.573664 0.0996532 0.0328132 0.0584788 3
0 0.30278 0.0355172 0.0355575 0.0537272 4
0 0.614048 0.184257 0.03287 0.0497992 5
0 0.466963 0.0919431 0.0345244 0.0609798 6
0 0.745905 0.130751 0.0304589 0.0568602 7
0 0.303293 0.156682 0.0355653 0.0574654 8
0 0.702456 0.188993 0.0317221 0.0489453 9
0 0.615323 0.0492427 0.0322042 0.0475544 10
0 0.511765 0.174252 0.0316944 0.0531002 11
0 0.399279 0.155572 0.034855 0.0576657 12
