0 0.56633 0.814376 0.0319065 0.0580197 14
0 0.351731 0.788399 0.0336988 0.0592667 15
0 0.256421 0.77834 0.0355778 0.0594498 16
0 0.520221 0.863147 0.0341116 0.0594457 17
0 0.608156 0.876357 0.0315965 0.0577383 18
0 0.415306 0.849257 0.0328734 0.0593487 19
0 0.687014 0.905785 0.0301368 0.0542542 20
0 0.343454 0.902448 0.0347082 0.0466844 21
0 0.248171 0.897281 0.0350127 0.046266 22
0 0.454545 0.925036 0.032706 0.0395654 23
0 0.554179 0.939324 0.0336297 0.0362329 24
0 0.639841 0.949651 0.0322224 0.032853 25
