0 0.398553 0.0408614 0.0345527 0.0513898 1
0 0.662641 0.105424 0.0327847 0.0587299 2
0 0.57386 0.0994735 0.0326229 0.0585804 3
0 0.302937 0.0354025 0.0355982 0.0534806 4
0 0.614121 0.184118 0.0328593 0.0497315 5
0 0.466978 0.0917725 0.034356 0.0612546 6
0 0.746121 0.130497 0.0307038 0.0570487 7
0 0.303307 0.156559 0.0355582 0.0575323 8
0 0.702621 0.18866 0.0316171 0.0488635 9
0 0.615456 0.0489481 0.03225 0.0478387 10
0 0.511887 0.173896 0.0316332 0.0533504 11
0 0.399414 0.155303 0.0350655 0.0581796 12
