0 0.393695 0.591196 0.0342804 0.0545984 1
0 0.655204 0.651166 0.0323717 0.0588799 2
0 0.567303 0.647427 0.032123 0.0571016 3
0 0.298494 0.589538 0.0353286 0.0578526 4
0 0.606326 0.724653 0.0318054 0.0447548 5
0 0.460797 0.643473 0.0333487 0.0601386 6
0 0.738095 0.673893 0.0299391 0.0559979 7
0 0.296788 0.708857 0.0344716 0.0520095 8
0 0.693487 0.727534 0.032664 0.0450181 9
0 0.609611 0.593408 0.0323095 0.0526693 10
0 0.503894 0.719261 0.0320597 0.0492962 11
0 0.392495 0.70609 0.0347929 0.0550549 12
