0 0.398481 0.0409301 0.0344177 0.051301 1
0 0.662345 0.105602 0.0326229 0.0585215 2
0 0.573613 0.0995145 0.0328764 0.0589216 3
0 0.302646 0.0353538 0.0355701 0.0536841 4
0 0.614001 0.184129 0.0329685 0.0500336 5
0 0.466903 0.0918146 0.0343934 0.0608647 6
0 0.745895 0.130756 0.0305004 0.0569533 7
0 0.303114 0.15658 0.0357226 0.0576052 8
0 0.702503 0.188866 0.0317299 0.048914 9
0 0.615259 0.0490541 0.0321626 0.0476528 10
0 0.511713 0.174063 0.0318218 0.0532476 11
0 0.399258 0.155381 0.03501 0.058044 12
