0 0.399048 0.0725809 0.034238 0.0500242 1
0 0.662424 0.139677 0.0316338 0.05926 2
0 0.573819 0.131662 0.0326336 0.0590355 3
0 0.302813 0.067579 0.0362589 0.0526533 4
0 0.613238 0.218185 0.0335801 0.0521924 5
0 0.467505 0.125678 0.0339162 0.0626133 6
0 0.745687 0.165172 0.0317088 0.059639 7
0 0.30275 0.189006 0.0365188 0.059315 8
0 0.702321 0.222798 0.0322945 0.0505119 9
0 0.616238 0.0845453 0.0323292 0.0499632 10
0 0.511324 0.206842 0.0322114 0.0536255 11
0 0.399198 0.189118 0.035927 0.0588387 12
