0 0.398442 0.0409241 0.0343756 0.0513072 1
0 0.662479 0.105681 0.0327054 0.0587536 2
0 0.573765 0.0997103 0.0328202 0.0586472 3
0 0.302824 0.0355781 0.0357366 0.0541991 4
0 0.614044 0.184252 0.0328738 0.0497984 5
0 0.467018 0.0919671 0.0344877 0.0610158 6
0 0.746072 0.130648 0.0306948 0.0570157 7
0 0.30326 0.156758 0.0356608 0.0576134 8
0 0.70257 0.188869 0.0317694 0.0489462 9
0 0.615369 0.0492259 0.0322865 0.047722 10
0 0.511847 0.174117 0.0317122 0.0531715 11
0 0.399361 0.155473 0.0349061 0.0578725 12
