0 0.398374 0.0409398 0.0344135 0.0513508 1
0 0.662429 0.105745 0.0326893 0.0587173 2
0 0.573671 0.0995627 0.0327569 0.0583771 3
0 0.302664 0.0355169 0.0356256 0.0537717 4
0 0.614004 0.184227 0.0328766 0.0498203 5
0 0.466945 0.0919171 0.0343815 0.060695 6
0 0.745897 0.130633 0.0303976 0.0568593 7
0 0.30318 0.156656 0.0356598 0.0576651 8
0 0.702442 0.18897 0.0317029 0.0489454 9
0 0.615253 0.0491374 0.0322404 0.0476204 10
0 0.511673 0.174227 0.0317924 0.0532645 11
0 0.399263 0.155462 0.0350783 0.0580151 12
