0 0.3986 0.0408694 0.0344746 0.0512059 1
0 0.662501 0.105482 0.032788 0.0588645 2
0 0.573809 0.0994721 0.0327867 0.0588233 3
0 0.302881 0.0354042 0.0356472 0.0535845 4
0 0.614161 0.184096 0.0329096 0.0499191 5
0 0.466968 0.0917466 0.0343706 0.0611375 6
0 0.746081 0.130437 0.0304689 0.0569901 7
0 0.303341 0.156357 0.0357376 0.0576789 8
0 0.702631 0.188523 0.03159 0.0488188 9
0 0.615466 0.0491536 0.0322361 0.0476901 10
0 0.51195 0.173823 0.0316972 0.0533366 11
0 0.399489 0.155383 0.0350022 0.0579097 12
