0 0.398718 0.0408736 0.0345086 0.0510895 1
0 0.662785 0.10554 0.0328624 0.0588788 2
0 0.573993 0.0993392 0.032747 0.0588719 3
0 0.30301 0.0353819 0.0355453 0.0536487 4
0 0.61419 0.18423 0.0330194 0.0498777 5
0 0.467128 0.0917475 0.0343203 0.060939 6
0 0.746191 0.130389 0.030514 0.0569486 7
0 0.303471 0.156351 0.0355384 0.057377 8
0 0.702769 0.188586 0.0317004 0.0489296 9
0 0.615647 0.0491795 0.0321493 0.0475947 10
0 0.51201 0.173821 0.0317098 0.0533436 11
0 0.399656 0.155154 0.0350401 0.0580813 12
