0 0.398318 0.0409143 0.0344266 0.0513313 1
0 0.66227 0.105649 0.0326008 0.0584676 2
0 0.573562 0.0996191 0.0328945 0.0586759 3
0 0.302583 0.0352834 0.035579 0.0536265 4
0 0.613919 0.184114 0.0329128 0.0499559 5
0 0.466846 0.0917518 0.034343 0.0605998 6
0 0.745797 0.130552 0.0302719 0.0565804 7
0 0.303063 0.156549 0.0357451 0.0576701 8
0 0.702342 0.188857 0.0316505 0.0489216 9
0 0.615186 0.0491829 0.0323036 0.0476795 10
0 0.51162 0.174053 0.0318213 0.0533438 11
0 0.399156 0.155492 0.0350469 0.0579775 12
