0 0.398561 0.0408656 0.0344023 0.0510884 1
0 0.662575 0.105535 0.0326975 0.0586036 2
0 0.573803 0.0994524 0.0327334 0.0587212 3
0 0.302862 0.0353506 0.0356469 0.0536167 4
0 0.614142 0.184043 0.0328614 0.0497797 5
0 0.466992 0.09168 0.0344015 0.0611787 6
0 0.746001 0.130404 0.0304551 0.0568893 7
0 0.303344 0.156334 0.0356346 0.0575216 8
0 0.702626 0.188629 0.0315795 0.0487861 9
0 0.615448 0.0489691 0.0320546 0.0473338 10
0 0.511859 0.17382 0.0316522 0.0532845 11
0 0.399458 0.155274 0.0350245 0.0579662 12
