0 0.398569 0.0410634 0.034458 0.0511408 1
0 0.662534 0.105681 0.0327082 0.0587454 2
0 0.573744 0.0996827 0.0327675 0.058962 3
0 0.302938 0.0355627 0.0356752 0.0537356 4
0 0.61405 0.184238 0.0328826 0.0497745 5
0 0.467006 0.0919735 0.0344587 0.0611245 6
0 0.745891 0.130733 0.030558 0.0570209 7
0 0.30333 0.156674 0.0357116 0.0575571 8
0 0.702458 0.18897 0.0316535 0.0488673 9
0 0.615462 0.0492907 0.0321885 0.0477459 10
0 0.511813 0.174219 0.0316222 0.0531622 11
0 0.399435 0.155508 0.0351819 0.0580298 12
