0 0.398319 0.0408546 0.0343538 0.0513482 1
0 0.662297 0.105561 0.0327222 0.0587328 2
0 0.573514 0.099534 0.033031 0.0588954 3
0 0.302583 0.0354353 0.0355736 0.0536802 4
0 0.613875 0.184156 0.0329442 0.0500313 5
0 0.466864 0.0917854 0.0345354 0.0610203 6
0 0.745842 0.130658 0.0305117 0.0570801 7
0 0.303037 0.156499 0.0356683 0.0576233 8
0 0.702295 0.188799 0.0317091 0.0490134 9
0 0.615175 0.0490784 0.0324259 0.0478987 10
0 0.511584 0.174024 0.0319494 0.0534804 11
0 0.399169 0.155382 0.0351903 0.0583108 12
