0 0.398343 0.0409477 0.0343737 0.0513179 1
0 0.662262 0.105838 0.0326632 0.0587959 2
0 0.573456 0.099662 0.0329343 0.0589114 3
0 0.302698 0.0356459 0.0356287 0.0537834 4
0 0.613835 0.18428 0.0328783 0.0500092 5
0 0.466899 0.0919112 0.0344699 0.0610053 6
0 0.745716 0.130819 0.0305684 0.0572622 7
0 0.303038 0.156614 0.035708 0.0574746 8
0 0.702199 0.188986 0.0317808 0.0490462 9
0 0.615203 0.0494181 0.032443 0.0480031 10
0 0.511521 0.174193 0.031787 0.0531935 11
0 0.399191 0.155635 0.0351454 0.0579924 12
