0 0.395894 0.43012 0.0340843 0.0538866 1
0 0.657126 0.494529 0.0316338 0.0570766 2
0 0.569151 0.489214 0.0325506 0.0585614 3
0 0.300279 0.426355 0.0357391 0.0573833 4
0 0.608457 0.568431 0.0319612 0.0463732 5
0 0.462977 0.483875 0.0331498 0.0600007 6
0 0.740101 0.51682 0.031291 0.0568216 7
0 0.298608 0.546465 0.0353956 0.0542003 8
0 0.695709 0.572468 0.0326024 0.0453098 9
0 0.61153 0.436958 0.0315399 0.051355 10
0 0.506097 0.561658 0.0318485 0.0500926 11
0 0.394324 0.544879 0.0346635 0.0553024 12
