0 0.398397 0.0409228 0.0346102 0.0515958 1
0 0.662239 0.105706 0.0327199 0.0589343 2
0 0.573487 0.0995233 0.033111 0.0592804 3
0 0.302688 0.0354655 0.0356322 0.0537894 4
0 0.613865 0.184199 0.0329002 0.0500439 5
0 0.466862 0.0918063 0.0343795 0.0609647 6
0 0.745725 0.130647 0.0305393 0.0573203 7
0 0.303066 0.156549 0.0356791 0.0576107 8
0 0.702264 0.188804 0.0318224 0.0490963 9
0 0.6152 0.049265 0.0324007 0.0478035 10
0 0.51155 0.174094 0.0317039 0.0532603 11
0 0.399238 0.155502 0.0351962 0.0580971 12
