0 0.398493 0.0410224 0.0344354 0.0510881 1
0 0.662376 0.105681 0.0326302 0.0587737 2
0 0.573588 0.0996817 0.0329624 0.059018 3
0 0.302865 0.0355291 0.0356668 0.0537213 4
0 0.613913 0.184218 0.0328207 0.0497411 5
0 0.466971 0.0919012 0.0343783 0.0609269 6
0 0.745849 0.130752 0.030546 0.0570519 7
0 0.303192 0.156655 0.0356766 0.0575406 8
0 0.702368 0.188956 0.0317184 0.0489982 9
0 0.615391 0.0493131 0.0321959 0.0476855 10
0 0.511699 0.174237 0.0317452 0.0533183 11
0 0.399342 0.1555 0.0351925 0.0580802 12
