0 0.398317 0.0409312 0.0343571 0.0512268 1
0 0.662251 0.105618 0.0327363 0.0586906 2
0 0.573505 0.0995444 0.0330878 0.0589669 3
0 0.30257 0.0354771 0.0355556 0.053587 4
0 0.613884 0.184141 0.0329349 0.0500075 5
0 0.466896 0.091818 0.0345616 0.0610956 6
0 0.745806 0.130647 0.0305366 0.0570666 7
0 0.302995 0.156549 0.0356391 0.0575927 8
0 0.702284 0.188851 0.031715 0.0489742 9
0 0.615215 0.0491256 0.0324157 0.0478221 10
0 0.511556 0.17406 0.0318774 0.0534489 11
0 0.399167 0.155418 0.0351625 0.0582362 12
