0 0.396855 0.283565 0.0344459 0.054035 1
0 0.659109 0.350243 0.0321362 0.0593939 2
0 0.570938 0.343831 0.0324231 0.0588192 3
0 0.301286 0.278472 0.0358881 0.0555892 4
0 0.610635 0.425521 0.0326196 0.0489629 5
0 0.464955 0.336474 0.0329688 0.0600334 6
0 0.742714 0.374002 0.0309772 0.0565413 7
0 0.300224 0.39935 0.0349725 0.0544039 8
0 0.697945 0.429954 0.0341045 0.0471261 9
0 0.613622 0.293008 0.033033 0.0514634 10
0 0.508328 0.41619 0.0309749 0.0500006 11
0 0.396475 0.398709 0.0344626 0.0564655 12
