0 0.398549 0.0408405 0.0345074 0.0513201 1
0 0.66258 0.10556 0.0328602 0.0588312 2
0 0.573833 0.0996499 0.0328447 0.0589678 3
0 0.302897 0.0353965 0.0357087 0.0536394 4
0 0.614094 0.184228 0.0330029 0.0499394 5
0 0.466981 0.091746 0.0344117 0.0613996 6
0 0.746086 0.130625 0.0306858 0.0570843 7
0 0.303299 0.156549 0.0355731 0.0575251 8
0 0.702525 0.188758 0.0315755 0.0487794 9
0 0.615425 0.0491167 0.0322566 0.0478439 10
0 0.511827 0.174007 0.0316081 0.0532175 11
0 0.399412 0.155474 0.0349862 0.0579818 12
