0 0.39863 0.0501349 0.0336744 0.0501723 1
0 0.662718 0.11679 0.0322457 0.0580652 2
0 0.573911 0.109688 0.0328321 0.0587822 3
0 0.302969 0.0452215 0.0358278 0.0533462 4
0 0.613723 0.194733 0.0332538 0.0508999 5
0 0.467026 0.102322 0.0343345 0.0616651 6
0 0.745836 0.141375 0.0308002 0.0571962 7
0 0.303098 0.166176 0.035851 0.057998 8
0 0.702765 0.199308 0.032199 0.0495156 9
0 0.616031 0.0610735 0.0323727 0.0478034 10
0 0.511666 0.184262 0.0317483 0.053159 11
0 0.399325 0.16547 0.034858 0.0576428 12
