0 0.398378 0.0408471 0.0344711 0.051232 1
0 0.662356 0.10563 0.032646 0.0586908 2
0 0.573583 0.0994937 0.0327175 0.0585856 3
0 0.302825 0.0354224 0.0356086 0.0534913 4
0 0.613931 0.184144 0.0328057 0.0497591 5
0 0.466987 0.0917046 0.0343734 0.0609753 6
0 0.745842 0.130646 0.0303812 0.0570607 7
0 0.303156 0.156555 0.0356399 0.0574056 8
0 0.702416 0.188861 0.0316595 0.0488805 9
0 0.615293 0.0491314 0.032179 0.0476311 10
0 0.511663 0.174076 0.0317304 0.0533698 11
0 0.399277 0.15537 0.0350533 0.0578098 12
