0 0.398634 0.0410967 0.0344622 0.0513558 1
0 0.662565 0.105725 0.0326932 0.0588037 2
0 0.57381 0.0996287 0.032861 0.0589333 3
0 0.30288 0.0356281 0.035505 0.0538023 4
0 0.614083 0.184259 0.0329629 0.0499666 5
0 0.467068 0.0919527 0.0344945 0.061185 6
0 0.74611 0.130644 0.0307434 0.0570512 7
0 0.303341 0.156772 0.0356081 0.0575427 8
0 0.702518 0.188793 0.0317976 0.0490461 9
0 0.615477 0.0492924 0.0323692 0.0479591 10
0 0.511834 0.174234 0.0317259 0.0532985 11
0 0.399447 0.155525 0.0351264 0.0582176 12
