0 0.398601 0.040785 0.0345376 0.0512365 1
0 0.662734 0.10538 0.0327863 0.0586649 2
0 0.573908 0.0993202 0.0325909 0.0584749 3
0 0.303039 0.0353635 0.0357224 0.0538623 4
0 0.614185 0.184118 0.0329464 0.049757 5
0 0.467037 0.0916599 0.0343871 0.061158 6
0 0.74617 0.130488 0.0305595 0.0570027 7
0 0.303416 0.156405 0.0355953 0.0575028 8
0 0.702711 0.188564 0.0316138 0.0488061 9
0 0.615535 0.0489274 0.0322653 0.0477329 10
0 0.511953 0.173838 0.0316436 0.0532735 11
0 0.399519 0.155213 0.0350143 0.0581202 12
