0 0.398597 0.040941 0.0345603 0.0513633 1
0 0.662634 0.105601 0.032772 0.0587732 2
0 0.573871 0.0996124 0.0327568 0.0589338 3
0 0.302941 0.0355497 0.0355954 0.0536273 4
0 0.614154 0.184257 0.0330062 0.0500299 5
0 0.467045 0.0918201 0.0344238 0.0612078 6
0 0.746067 0.13085 0.0306947 0.0572204 7
0 0.303341 0.156721 0.0355403 0.0573085 8
0 0.702631 0.188926 0.0317304 0.0490617 9
0 0.615457 0.0492315 0.0322317 0.0478032 10
0 0.511929 0.174072 0.0317328 0.0532352 11
0 0.399504 0.155524 0.0350845 0.0579054 12
