0 0.398374 0.0408974 0.0345915 0.0516049 1
0 0.662307 0.10566 0.0326451 0.058813 2
0 0.573464 0.0996523 0.0329413 0.0589052 3
0 0.302763 0.0353985 0.0358198 0.0540152 4
0 0.613882 0.184115 0.0329178 0.0500337 5
0 0.466916 0.0918382 0.0343345 0.0609211 6
0 0.745736 0.130702 0.0306181 0.0573074 7
0 0.303074 0.156635 0.0356979 0.0576166 8
0 0.702262 0.188846 0.031742 0.0490047 9
0 0.615228 0.049253 0.0323548 0.0477879 10
0 0.511549 0.174154 0.0316615 0.0532725 11
0 0.39922 0.155499 0.0352182 0.0581662 12
