0 0.398605 0.0410346 0.0344481 0.0510758 1
0 0.662612 0.10563 0.0327233 0.0587125 2
0 0.573811 0.0997326 0.0327328 0.0588674 3
0 0.302986 0.0356495 0.0357899 0.0538308 4
0 0.614115 0.184275 0.032878 0.0497721 5
0 0.467094 0.0919172 0.0343135 0.0609455 6
0 0.746052 0.1308 0.0307104 0.0570358 7
0 0.303391 0.156736 0.0356382 0.0575038 8
0 0.70259 0.188966 0.0316456 0.0489117 9
0 0.615582 0.0493231 0.0321028 0.0476037 10
0 0.512002 0.174181 0.0317325 0.0530302 11
0 0.39947 0.155507 0.0351007 0.0579761 12
