0 0.398423 0.0408484 0.0345511 0.0515563 1
0 0.662286 0.105617 0.0327462 0.0589497 2
0 0.573503 0.0995903 0.0329668 0.0589901 3
0 0.302692 0.0354339 0.0358052 0.053911 4
0 0.613854 0.184142 0.0329698 0.0500954 5
0 0.466867 0.0917982 0.034272 0.0608436 6
0 0.745794 0.130622 0.0305512 0.057045 7
0 0.303069 0.156601 0.0358206 0.0577702 8
0 0.702278 0.188841 0.0316998 0.04896 9
0 0.615273 0.0492173 0.0323071 0.0477738 10
0 0.51155 0.174081 0.0317224 0.0533948 11
0 0.399204 0.155492 0.0351235 0.0580176 12
