0 0.3985 0.0410064 0.0344574 0.0513722 1
0 0.662518 0.105747 0.0327181 0.0588673 2
0 0.573798 0.0997391 0.032796 0.0587875 3
0 0.302785 0.0355473 0.0355918 0.0539157 4
0 0.6141 0.184271 0.0328867 0.0498395 5
0 0.467052 0.0919741 0.0344281 0.0610743 6
0 0.746064 0.130643 0.0305732 0.0568078 7
0 0.303264 0.156734 0.0356075 0.0575727 8
0 0.702584 0.188925 0.0317333 0.0489577 9
0 0.615438 0.0492311 0.0322397 0.0477384 10
0 0.511837 0.174276 0.0317393 0.0533274 11
0 0.399368 0.155556 0.0350249 0.0580196 12
