0 0.398356 0.0408828 0.0344708 0.051228 1
0 0.662252 0.105714 0.0327472 0.0588673 2
0 0.573433 0.099474 0.0329318 0.058647 3
0 0.302642 0.0353576 0.0355839 0.0535344 4
0 0.613878 0.184119 0.0328751 0.0499018 5
0 0.46692 0.0916183 0.034433 0.0609934 6
0 0.745759 0.130592 0.030484 0.0573518 7
0 0.303129 0.156373 0.0357339 0.0575001 8
0 0.702273 0.188747 0.0316737 0.04881 9
0 0.615216 0.0491645 0.0322344 0.0475946 10
0 0.511494 0.173913 0.0318177 0.0535293 11
0 0.399174 0.155313 0.0352452 0.0580546 12
