0 0.39836 0.0408861 0.0343953 0.0513868 1
0 0.662339 0.105549 0.0326161 0.0585937 2
0 0.573578 0.0994083 0.0330098 0.0590536 3
0 0.302684 0.0353266 0.0356665 0.0537946 4
0 0.613954 0.184042 0.032995 0.0501112 5
0 0.466875 0.0916972 0.0343766 0.0608255 6
0 0.745813 0.130793 0.0304986 0.0570833 7
0 0.303046 0.156493 0.0356208 0.0575169 8
0 0.702368 0.188817 0.0316705 0.048919 9
0 0.615232 0.0491398 0.0321838 0.0475142 10
0 0.511697 0.174032 0.0319182 0.0533661 11
0 0.399212 0.155325 0.0349302 0.0579255 12
