0 0.396046 0.438043 0.0339995 0.0537015 1
0 0.657039 0.502275 0.0320135 0.0577442 2
0 0.569174 0.496889 0.0325786 0.0585881 3
0 0.300185 0.434044 0.0357547 0.0574169 4
0 0.608276 0.576224 0.0318062 0.0460182 5
0 0.462779 0.491944 0.0331391 0.0600406 6
0 0.739824 0.524628 0.0315176 0.0573575 7
0 0.298766 0.554141 0.0348562 0.0533462 8
0 0.695673 0.58004 0.0324328 0.0450829 9
0 0.611362 0.444155 0.0318138 0.0518979 10
0 0.506154 0.569394 0.0322136 0.0506706 11
0 0.394297 0.552694 0.0344402 0.0549466 12
