0 0.398564 0.0410463 0.0345171 0.0512284 1
0 0.66243 0.105576 0.0326967 0.0588263 2
0 0.573654 0.0997626 0.0326992 0.0587795 3
0 0.302811 0.0357 0.0356992 0.0537568 4
0 0.614012 0.184251 0.0328866 0.0497579 5
0 0.467004 0.0918927 0.0344876 0.061187 6
0 0.745857 0.130887 0.0305692 0.057137 7
0 0.303288 0.156633 0.0356879 0.0575124 8
0 0.702372 0.188971 0.0316666 0.048907 9
0 0.615463 0.0493461 0.0320874 0.0475972 10
0 0.511748 0.174177 0.0317048 0.0532952 11
0 0.399352 0.155576 0.0351529 0.0579233 12
