0 0.398269 0.0408599 0.0343336 0.0511736 1
0 0.662271 0.105583 0.0325487 0.0583747 2
0 0.573538 0.0996398 0.0329434 0.0587649 3
0 0.302693 0.03549 0.0356184 0.0537111 4
0 0.613921 0.184145 0.0328415 0.0498328 5
0 0.466881 0.0918171 0.0343331 0.0605901 6
0 0.74575 0.130568 0.0304639 0.0569514 7
0 0.30306 0.156596 0.0357192 0.0576408 8
0 0.702311 0.188793 0.0316865 0.0489897 9
0 0.615179 0.0491799 0.0321302 0.0474179 10
0 0.511628 0.174033 0.0317584 0.0532523 11
0 0.399155 0.15551 0.0349501 0.0578179 12
