0 0.398706 0.0408843 0.0345412 0.0513074 1
0 0.662814 0.105407 0.0329012 0.0587394 2
0 0.574046 0.09948 0.0324779 0.0584659 3
0 0.302965 0.0354646 0.0356704 0.0536779 4
0 0.614257 0.184161 0.0328905 0.04981 5
0 0.467152 0.0917656 0.0343403 0.0613956 6
0 0.746187 0.130426 0.0306921 0.0570228 7
0 0.30347 0.156483 0.0355671 0.0575966 8
0 0.702758 0.188646 0.0315163 0.0487956 9
0 0.61564 0.0488844 0.0322223 0.0477643 10
0 0.512055 0.173914 0.031669 0.0534971 11
0 0.399602 0.15529 0.0349699 0.0581076 12
