0 0.398581 0.0409517 0.0344362 0.051326 1
0 0.662631 0.105594 0.0327359 0.0587082 2
0 0.57378 0.0996062 0.0327292 0.0586117 3
0 0.302877 0.035536 0.0357365 0.0538531 4
0 0.61406 0.184139 0.0329325 0.0499436 5
0 0.467023 0.0918078 0.0343658 0.0610504 6
0 0.745978 0.130686 0.0303758 0.0566516 7
0 0.303227 0.156614 0.0356342 0.0575526 8
0 0.702597 0.188941 0.0316617 0.0488759 9
0 0.615419 0.0491542 0.0321819 0.0476666 10
0 0.511909 0.174109 0.0317883 0.0533929 11
0 0.399454 0.155487 0.0350961 0.0578668 12
