0 0.398629 0.109147 0.0351772 0.0520923 1
0 0.661566 0.176483 0.0312665 0.0587019 2
0 0.572998 0.169487 0.0321718 0.0581148 3
0 0.302873 0.103317 0.0352505 0.052711 4
0 0.612943 0.254267 0.0331785 0.0519807 5
0 0.46689 0.161484 0.0327699 0.059953 6
0 0.745344 0.201839 0.0307719 0.0574904 7
0 0.30227 0.224909 0.0362753 0.0594226 8
0 0.701299 0.258677 0.0319326 0.0492278 9
0 0.615128 0.120073 0.0321014 0.0484358 10
0 0.510748 0.243196 0.0322631 0.0530825 11
0 0.398676 0.225009 0.0360281 0.0594447 12
