0 0.398679 0.119281 0.0358286 0.0532915 1
0 0.661566 0.186824 0.0316066 0.0590228 2
0 0.572999 0.180265 0.0323146 0.0579661 3
0 0.302949 0.113039 0.0354179 0.0528915 4
0 0.612492 0.264325 0.0329029 0.0514999 5
0 0.466867 0.172085 0.0331327 0.060613 6
0 0.745196 0.212043 0.0309695 0.0576848 7
0 0.302036 0.234676 0.0357524 0.0583488 8
0 0.701104 0.269361 0.0323741 0.0495241 9
0 0.615178 0.130244 0.0321972 0.0481065 10
0 0.510649 0.25334 0.0324877 0.0533482 11
0 0.398552 0.234804 0.0358731 0.059257 12
