0 0.398617 0.0410514 0.0344896 0.0511226 1
0 0.662538 0.105642 0.0326811 0.0586815 2
0 0.573744 0.0997149 0.0326161 0.0587084 3
0 0.302772 0.0357414 0.0357003 0.0537092 4
0 0.614099 0.184289 0.0328774 0.0497937 5
0 0.467064 0.0919621 0.0343985 0.0610535 6
0 0.745928 0.130815 0.0307378 0.057266 7
0 0.303418 0.156701 0.0355617 0.0573923 8
0 0.702499 0.18898 0.0317014 0.0490194 9
0 0.615497 0.0492998 0.032169 0.0476704 10
0 0.511926 0.174351 0.0315982 0.0529153 11
0 0.39948 0.155491 0.0350828 0.0578933 12
