0 0.573106 0.820423 0.0302305 0.0533873 14
0 0.358045 0.803568 0.0348913 0.0592477 15
0 0.262301 0.796698 0.0351777 0.0596099 16
0 0.528166 0.873181 0.0341146 0.0595997 17
0 0.614772 0.882079 0.0311783 0.0559086 18
0 0.422779 0.862708 0.0327562 0.0612708 19
0 0.695434 0.907537 0.0298488 0.0525773 20
0 0.351751 0.918321 0.0361012 0.046686 21
0 0.255646 0.917155 0.0363364 0.0446604 22
0 0.462166 0.936671 0.0340907 0.0389965 23
0 0.562538 0.948397 0.0350415 0.0360149 24
0 0.648209 0.954741 0.033172 0.0343032 25
