0 0.398723 0.0408789 0.0345441 0.0511863 1
0 0.662866 0.105402 0.0329612 0.0589576 2
0 0.574005 0.099575 0.0327635 0.0588989 3
0 0.303056 0.0354702 0.0358131 0.0538531 4
0 0.614309 0.184156 0.0329118 0.0498848 5
0 0.467139 0.0918814 0.0345047 0.0615087 6
0 0.746217 0.130436 0.0306826 0.0572513 7
0 0.303501 0.156471 0.0355935 0.0575226 8
0 0.702749 0.188659 0.0315474 0.0488253 9
0 0.615633 0.0490875 0.0321347 0.04766 10
0 0.512025 0.173948 0.0316423 0.0534068 11
0 0.399618 0.155336 0.0349806 0.0580494 12
