0 0.398446 0.0409577 0.0344397 0.0512206 1
0 0.662375 0.105729 0.0326951 0.0588517 2
0 0.573561 0.099718 0.0328152 0.0587328 3
0 0.302756 0.0356169 0.0357003 0.0538016 4
0 0.613892 0.184242 0.0328552 0.0498415 5
0 0.466975 0.0919436 0.0345249 0.0611517 6
0 0.745756 0.130809 0.030487 0.0571609 7
0 0.303161 0.156629 0.0357483 0.057574 8
0 0.702292 0.188902 0.031779 0.0490613 9
0 0.615292 0.0494034 0.0324278 0.0480421 10
0 0.511626 0.174267 0.0318528 0.0533713 11
0 0.399255 0.155548 0.0351918 0.0581699 12
