0 0.398283 0.040912 0.0342875 0.0511639 1
0 0.662255 0.1057 0.0324796 0.0582218 2
0 0.573495 0.0997143 0.0330433 0.0588241 3
0 0.302445 0.0354219 0.0354502 0.0534102 4
0 0.613955 0.184104 0.0329308 0.0499774 5
0 0.466863 0.0917896 0.0344426 0.0608333 6
0 0.745785 0.130677 0.0304466 0.0568947 7
0 0.303044 0.156557 0.0357151 0.0577172 8
0 0.702319 0.18893 0.0316953 0.0489484 9
0 0.615156 0.0491994 0.0322535 0.0475431 10
0 0.51159 0.174 0.0318278 0.0533017 11
0 0.399198 0.155529 0.0350375 0.0580196 12
