0 0.398497 0.0410138 0.0343752 0.0512731 1
0 0.662446 0.105728 0.0327871 0.0588745 2
0 0.573721 0.0996213 0.0328951 0.0586685 3
0 0.302854 0.03557 0.0354613 0.0536662 4
0 0.614035 0.184231 0.0329531 0.0499347 5
0 0.467022 0.0918843 0.0345963 0.0611864 6
0 0.745999 0.130561 0.0304862 0.0568383 7
0 0.303199 0.156679 0.0355772 0.057505 8
0 0.702454 0.188815 0.0317714 0.0489844 9
0 0.615367 0.0492304 0.0322988 0.047752 10
0 0.511743 0.174256 0.031811 0.053355 11
0 0.399349 0.15554 0.0351431 0.0583 12
