0 0.398244 0.0408524 0.0343417 0.0513364 1
0 0.662278 0.105652 0.0326416 0.058579 2
0 0.573618 0.099645 0.0330033 0.0588358 3
0 0.302469 0.0352985 0.0354923 0.0535221 4
0 0.613923 0.184155 0.0329067 0.0499469 5
0 0.466839 0.0917403 0.0343055 0.0606286 6
0 0.745848 0.130619 0.0304178 0.0568988 7
0 0.303006 0.156522 0.0357145 0.0576939 8
0 0.702315 0.188832 0.031731 0.0490282 9
0 0.615199 0.0491077 0.0323061 0.047727 10
0 0.511627 0.174069 0.0319061 0.0533531 11
0 0.399146 0.155442 0.0352061 0.0583354 12
