0 0.398674 0.0407891 0.034588 0.051205 1
0 0.662806 0.105396 0.0328754 0.0587818 2
0 0.573958 0.0995031 0.0326818 0.0586751 3
0 0.30298 0.0355006 0.0356245 0.0535676 4
0 0.614222 0.184127 0.0328332 0.0497354 5
0 0.467057 0.0918518 0.0344004 0.061349 6
0 0.746153 0.130533 0.0306152 0.0570183 7
0 0.303472 0.156422 0.0355612 0.0575284 8
0 0.70276 0.188724 0.0315186 0.0486782 9
0 0.615626 0.048995 0.0321894 0.0477093 10
0 0.512055 0.173952 0.0316594 0.0533817 11
0 0.399609 0.155227 0.0350247 0.0581228 12
