0 0.398301 0.0408892 0.034407 0.0512987 1
0 0.662304 0.105659 0.0326729 0.0586232 2
0 0.573612 0.0996263 0.0329725 0.0588417 3
0 0.302646 0.0353572 0.0355398 0.0535333 4
0 0.613945 0.18416 0.0329194 0.0499713 5
0 0.466878 0.0917515 0.0343204 0.0605647 6
0 0.745839 0.130563 0.0303504 0.0567426 7
0 0.303086 0.156612 0.0357105 0.0576168 8
0 0.70233 0.188878 0.0317142 0.0490006 9
0 0.615199 0.0491298 0.0322988 0.0476795 10
0 0.511584 0.174134 0.0317731 0.0532412 11
0 0.399173 0.155429 0.0351591 0.0582321 12
