0 0.398533 0.0409203 0.0345689 0.0514834 1
0 0.662523 0.105625 0.0327353 0.0587416 2
0 0.573741 0.0995423 0.0328104 0.0587957 3
0 0.302822 0.0355135 0.035642 0.0537899 4
0 0.614034 0.184194 0.032896 0.0498423 5
0 0.466978 0.0918768 0.0344953 0.0612296 6
0 0.746028 0.130803 0.0305831 0.0569889 7
0 0.303197 0.156619 0.0356235 0.0575102 8
0 0.702533 0.188934 0.0317953 0.049088 9
0 0.615409 0.0492408 0.0322904 0.0478621 10
0 0.511832 0.174089 0.0318272 0.0534358 11
0 0.399326 0.155441 0.0351155 0.0580969 12
