0 0.398295 0.0409702 0.0344916 0.0515498 1
0 0.662333 0.105619 0.032673 0.0587229 2
0 0.573634 0.0995579 0.0329235 0.0589141 3
0 0.302654 0.0352694 0.0355888 0.0536679 4
0 0.613932 0.184073 0.0329253 0.0499995 5
0 0.466866 0.0916854 0.0343577 0.0608092 6
0 0.745866 0.130617 0.030479 0.0570804 7
0 0.303036 0.156526 0.0357301 0.0577033 8
0 0.702374 0.188832 0.0317237 0.0490095 9
0 0.615212 0.0491024 0.0322944 0.0476838 10
0 0.511681 0.174032 0.0319043 0.0533365 11
0 0.399208 0.155335 0.0350912 0.0582261 12
