0 0.398431 0.0408396 0.0344797 0.051272 1
0 0.662215 0.105736 0.0326603 0.0587637 2
0 0.573527 0.0994764 0.0330001 0.0587968 3
0 0.302714 0.035234 0.0355926 0.0535048 4
0 0.613875 0.184147 0.0329291 0.0500366 5
0 0.46687 0.0916965 0.034359 0.0608246 6
0 0.745773 0.1306 0.0304896 0.0573007 7
0 0.303129 0.15629 0.0356664 0.0573846 8
0 0.702265 0.188728 0.0318264 0.049085 9
0 0.615157 0.0492214 0.0321466 0.0475242 10
0 0.511569 0.17411 0.0316811 0.0532078 11
0 0.399143 0.155345 0.0352327 0.0580328 12
