0 0.398363 0.0409249 0.0343488 0.0512473 1
0 0.662379 0.105657 0.032784 0.0589034 2
0 0.57362 0.0995037 0.0330019 0.0588601 3
0 0.302727 0.035596 0.0357045 0.0538191 4
0 0.613954 0.184211 0.0329394 0.0499689 5
0 0.4669 0.0918416 0.0345779 0.0610736 6
0 0.745878 0.13066 0.0305903 0.0573202 7
0 0.303127 0.156598 0.0356571 0.0575911 8
0 0.702359 0.18881 0.0316976 0.0489509 9
0 0.615275 0.0491287 0.0323707 0.0478441 10
0 0.511692 0.174114 0.0318402 0.053288 11
0 0.39927 0.155432 0.0351357 0.0581184 12
