0 0.398554 0.040953 0.0344176 0.0510767 1
0 0.662424 0.105576 0.032636 0.0586858 2
0 0.573628 0.0995669 0.0326782 0.0585272 3
0 0.302902 0.0355118 0.035623 0.0535589 4
0 0.61397 0.184141 0.0328493 0.0498705 5
0 0.466998 0.0917627 0.0343645 0.0609788 6
0 0.745896 0.130467 0.0303726 0.0569585 7
0 0.303241 0.15642 0.0356226 0.0573529 8
0 0.702458 0.188782 0.0316295 0.0488288 9
0 0.615413 0.0491876 0.0320525 0.0473956 10
0 0.511748 0.173968 0.0316763 0.0533241 11
0 0.399323 0.155319 0.0350063 0.0577588 12
