0 0.398342 0.0409333 0.0343449 0.0512243 1
0 0.662389 0.105648 0.0327187 0.0587323 2
0 0.573612 0.099521 0.0329656 0.0587906 3
0 0.302723 0.0355681 0.035704 0.0538009 4
0 0.613957 0.184143 0.0328907 0.0499211 5
0 0.466917 0.0918261 0.0345049 0.0609251 6
0 0.745894 0.130655 0.0305101 0.0570506 7
0 0.303102 0.156614 0.03568 0.0576005 8
0 0.702352 0.18883 0.0317122 0.0490133 9
0 0.615293 0.0491906 0.0323992 0.0479074 10
0 0.51165 0.174155 0.0318244 0.0532824 11
0 0.399321 0.155478 0.035116 0.0581263 12
