0 0.398557 0.0409479 0.0343827 0.0512375 1
0 0.662618 0.105583 0.0327139 0.0586895 2
0 0.573797 0.0996649 0.0327168 0.0586427 3
0 0.302959 0.0356836 0.0356499 0.0536903 4
0 0.614077 0.184135 0.0329558 0.0499748 5
0 0.467044 0.0918039 0.0343196 0.0610091 6
0 0.746061 0.130785 0.0306733 0.0572486 7
0 0.303259 0.15669 0.0355993 0.0575196 8
0 0.702629 0.188948 0.0316431 0.0488507 9
0 0.615428 0.0490711 0.0320687 0.0475223 10
0 0.511851 0.174089 0.0317261 0.0532929 11
0 0.399416 0.155444 0.0351672 0.0579613 12
