0 0.398575 0.0410617 0.034455 0.0511351 1
0 0.662539 0.105685 0.0327296 0.0587989 2
0 0.57377 0.0996633 0.0327476 0.0589116 3
0 0.302934 0.0356153 0.0356774 0.0537322 4
0 0.614056 0.18423 0.0328646 0.0497741 5
0 0.467026 0.0919942 0.0344291 0.0610933 6
0 0.745915 0.130777 0.0305781 0.0570401 7
0 0.303337 0.156679 0.0357079 0.0575681 8
0 0.702456 0.188986 0.0316481 0.0488607 9
0 0.615477 0.0492955 0.0321754 0.0477151 10
0 0.511823 0.174219 0.0316181 0.0531374 11
0 0.399456 0.155535 0.0351533 0.057974 12
