0 0.398883 0.0936716 0.0353094 0.0522079 1
0 0.661945 0.160897 0.0311311 0.0586207 2
0 0.573423 0.153815 0.0322815 0.0586607 3
0 0.303157 0.0881923 0.0360953 0.0536207 4
0 0.612977 0.238792 0.0329698 0.0514817 5
0 0.466798 0.145732 0.0331543 0.061166 6
0 0.745376 0.186342 0.0310537 0.0582338 7
0 0.302435 0.209772 0.0364309 0.0596791 8
0 0.701759 0.24356 0.0318566 0.0494757 9
0 0.615458 0.105218 0.0318504 0.0489524 10
0 0.511163 0.22746 0.0322109 0.0532223 11
0 0.398787 0.209519 0.0358782 0.0589807 12
