0 0.39448 0.519793 0.0349038 0.0551226 1
0 0.656298 0.582439 0.0322975 0.0579473 2
0 0.567872 0.578426 0.0326815 0.0583452 3
0 0.299228 0.517024 0.0357031 0.0579963 4
0 0.60719 0.655934 0.0324119 0.0456013 5
0 0.461876 0.573079 0.033064 0.0598506 6
0 0.738682 0.60527 0.0312346 0.0578161 7
0 0.297642 0.637519 0.0350296 0.0533062 8
0 0.694353 0.65934 0.0320016 0.0436416 9
0 0.610462 0.524586 0.0319097 0.0519396 10
0 0.505045 0.649796 0.0319448 0.0492765 11
0 0.393324 0.634865 0.0344718 0.0545587 12
