0 0.3927 0.685294 0.0352411 0.0575226 1
0 0.653994 0.744126 0.0321117 0.0585354 2
0 0.565997 0.741389 0.0320076 0.0574344 3
0 0.297361 0.686898 0.0360992 0.0599508 4
0 0.604827 0.817479 0.0318692 0.0436592 5
0 0.459943 0.738005 0.0332938 0.0597162 6
0 0.736521 0.766237 0.0296526 0.0549481 7
0 0.295672 0.805967 0.0342294 0.0502041 8
0 0.692604 0.819099 0.0315117 0.04331 9
0 0.608501 0.686454 0.0323163 0.0535737 10
0 0.502818 0.812906 0.0320018 0.0481365 11
0 0.391603 0.801777 0.0345448 0.0534236 12
