0 0.398473 0.0409897 0.0345275 0.0514356 1
0 0.662476 0.105702 0.0327169 0.0587161 2
0 0.573737 0.0995645 0.0327596 0.0587861 3
0 0.302729 0.0354186 0.0356904 0.0538652 4
0 0.614035 0.184215 0.0329121 0.0498498 5
0 0.466996 0.0918871 0.034393 0.0609825 6
0 0.745992 0.13071 0.0305612 0.0569756 7
0 0.303196 0.156611 0.0356641 0.0576044 8
0 0.702574 0.188838 0.0317008 0.0488949 9
0 0.61537 0.0491684 0.0322436 0.0477926 10
0 0.511801 0.174081 0.0318037 0.0533636 11
0 0.399319 0.155492 0.0350531 0.0580656 12
