0 0.398615 0.0407524 0.0345597 0.0512865 1
0 0.662612 0.105388 0.0327422 0.0586369 2
0 0.573833 0.0993792 0.0326593 0.0586246 3
0 0.302994 0.0353161 0.0357233 0.0538036 4
0 0.614153 0.184069 0.032871 0.0497412 5
0 0.467007 0.0917442 0.0343443 0.0611118 6
0 0.746044 0.130372 0.0305207 0.0569552 7
0 0.303349 0.156344 0.0356189 0.05752 8
0 0.702648 0.188582 0.0315864 0.0487485 9
0 0.615488 0.0490228 0.0321256 0.0474354 10
0 0.511878 0.173839 0.0316776 0.0533567 11
0 0.399467 0.155241 0.0350257 0.0580694 12
