0 0.398343 0.0409758 0.0343742 0.0512979 1
0 0.662299 0.105574 0.0326635 0.0586195 2
0 0.573546 0.0997255 0.0327944 0.0586628 3
0 0.302618 0.0352925 0.0355822 0.0536746 4
0 0.613946 0.184051 0.0329905 0.0500754 5
0 0.466875 0.0917201 0.0344065 0.0608249 6
0 0.745982 0.130672 0.0305202 0.0570515 7
0 0.30306 0.156563 0.0356878 0.0576169 8
0 0.702389 0.188822 0.0316886 0.0488839 9
0 0.615219 0.0491282 0.0321335 0.047489 10
0 0.511709 0.174049 0.0319218 0.0533376 11
0 0.399175 0.155374 0.0349602 0.0579113 12
