0 0.398777 0.115689 0.0357843 0.0531225 1
0 0.661696 0.183569 0.0311202 0.0581297 2
0 0.572984 0.17652 0.0322281 0.0579422 3
0 0.303027 0.109629 0.0351203 0.0524217 4
0 0.612703 0.260872 0.0327403 0.0512302 5
0 0.466724 0.168518 0.0328693 0.0601064 6
0 0.745222 0.208564 0.0308256 0.0574168 7
0 0.301994 0.231303 0.0360704 0.0589751 8
0 0.701162 0.266103 0.0321271 0.0492424 9
0 0.615161 0.127099 0.0319815 0.0478993 10
0 0.510785 0.250007 0.0326731 0.0536902 11
0 0.398508 0.231319 0.0355909 0.0587319 12
