0 0.398322 0.0410146 0.0343965 0.0512423 1
0 0.662238 0.105776 0.0326356 0.0586715 2
0 0.573474 0.0997869 0.0328332 0.0587029 3
0 0.302723 0.0355777 0.0356721 0.0537728 4
0 0.613844 0.184271 0.0328115 0.0498282 5
0 0.466922 0.0918886 0.0344298 0.0609552 6
0 0.745731 0.130757 0.0305011 0.0571129 7
0 0.303054 0.156628 0.0357683 0.0575154 8
0 0.70217 0.189005 0.0316906 0.0489289 9
0 0.615231 0.0493998 0.0322979 0.0478365 10
0 0.511586 0.174177 0.031915 0.0534022 11
0 0.399205 0.155635 0.0352134 0.0581068 12
