0 0.398709 0.0407892 0.0345138 0.0510696 1
0 0.662777 0.105403 0.0330054 0.0590303 2
0 0.573976 0.099354 0.0326723 0.058646 3
0 0.303065 0.0354883 0.035669 0.0536374 4
0 0.61423 0.184142 0.032981 0.0499693 5
0 0.467081 0.0919163 0.0345042 0.0615471 6
0 0.746166 0.130495 0.0306758 0.0571341 7
0 0.303468 0.15642 0.0356704 0.0576979 8
0 0.702724 0.188678 0.0316494 0.0488958 9
0 0.6156 0.0490103 0.0322045 0.0477081 10
0 0.512093 0.173875 0.0315978 0.0532727 11
0 0.399664 0.155287 0.0350659 0.0581914 12
