0 0.392529 0.705447 0.0349598 0.0574522 1
0 0.653511 0.763624 0.0321956 0.0588004 2
0 0.565783 0.761188 0.0318241 0.0573502 3
0 0.297215 0.706405 0.0364075 0.0609321 4
0 0.604568 0.837241 0.0317385 0.043317 5
0 0.459444 0.758027 0.0334666 0.0601158 6
0 0.736247 0.785028 0.0292443 0.0540744 7
0 0.295392 0.826012 0.0341409 0.0498362 8
0 0.692118 0.838164 0.0314003 0.0430084 9
0 0.608146 0.706238 0.0319252 0.0530566 10
0 0.502445 0.832857 0.0317087 0.0474879 11
0 0.391398 0.821947 0.0342721 0.0528182 12
