0 0.398278 0.0409744 0.0343904 0.0512748 1
0 0.662266 0.105658 0.0326394 0.0584943 2
0 0.573558 0.0996653 0.0330146 0.0588772 3
0 0.302558 0.0353437 0.0355577 0.0536214 4
0 0.613923 0.184206 0.0329887 0.0500987 5
0 0.466891 0.0917129 0.0342927 0.0605638 6
0 0.745796 0.130679 0.0304026 0.0567244 7
0 0.303009 0.156587 0.0357313 0.0577245 8
0 0.702303 0.18885 0.0317211 0.0489855 9
0 0.615176 0.0491586 0.0322126 0.047522 10
0 0.511565 0.174065 0.031783 0.0532721 11
0 0.399183 0.155497 0.0350245 0.0579615 12
