0 0.398714 0.0409235 0.0344948 0.0512512 1
0 0.662769 0.105377 0.0329032 0.0587347 2
0 0.573927 0.0996067 0.0326404 0.0587494 3
0 0.302894 0.0354333 0.0356084 0.0535845 4
0 0.614242 0.184094 0.0328968 0.0498161 5
0 0.467151 0.0916988 0.0342884 0.0612518 6
0 0.74617 0.130433 0.030682 0.0570138 7
0 0.30346 0.156476 0.0355392 0.0575265 8
0 0.702718 0.188668 0.0315095 0.0487787 9
0 0.615592 0.0490132 0.0321018 0.0475605 10
0 0.512035 0.173919 0.0316214 0.0533903 11
0 0.399634 0.155242 0.0348534 0.0578837 12
