0 0.398509 0.0410059 0.0344005 0.0513146 1
0 0.662474 0.105667 0.0327626 0.0588357 2
0 0.573695 0.0996292 0.0329665 0.058822 3
0 0.302847 0.0356043 0.0355275 0.0537215 4
0 0.614027 0.184217 0.0329136 0.0498784 5
0 0.467026 0.0918783 0.0345481 0.061073 6
0 0.745975 0.13071 0.0305488 0.057069 7
0 0.303215 0.156682 0.0355708 0.0574936 8
0 0.702442 0.188892 0.0317776 0.0490033 9
0 0.615335 0.049166 0.0323548 0.0478109 10
0 0.511746 0.174237 0.0318109 0.0533553 11
0 0.399322 0.155553 0.0351366 0.0582344 12
