0 0.398493 0.0409473 0.0343798 0.0510696 1
0 0.662358 0.105653 0.0326528 0.0587083 2
0 0.573587 0.0995117 0.0326677 0.0584529 3
0 0.302873 0.0355464 0.0356488 0.053575 4
0 0.613966 0.184133 0.0328288 0.0497965 5
0 0.466975 0.0917786 0.0343874 0.0610368 6
0 0.745902 0.130618 0.030397 0.057063 7
0 0.303202 0.156465 0.0356255 0.0573762 8
0 0.702509 0.188845 0.0316405 0.048813 9
0 0.615358 0.049157 0.0320974 0.0474829 10
0 0.51171 0.174015 0.0317569 0.0534457 11
0 0.39927 0.15527 0.0350488 0.0578337 12
