0 0.39874 0.0408077 0.0344777 0.051203 1
0 0.662756 0.105423 0.0329528 0.0589384 2
0 0.573943 0.0995835 0.0327732 0.0590142 3
0 0.302978 0.0353654 0.0355651 0.0534432 4
0 0.614204 0.184104 0.0329906 0.0499244 5
0 0.467052 0.0915799 0.0343145 0.0612473 6
0 0.746198 0.130432 0.0309388 0.0574541 7
0 0.303419 0.156445 0.0355093 0.0574634 8
0 0.702714 0.188487 0.031574 0.0488272 9
0 0.61555 0.0490232 0.0322752 0.0477926 10
0 0.51202 0.17386 0.0315245 0.0532721 11
0 0.399526 0.155279 0.0349956 0.0580805 12
