0 0.398312 0.0408927 0.034428 0.0513252 1
0 0.662339 0.105665 0.0326469 0.0585881 2
0 0.573644 0.0995574 0.0328234 0.0584868 3
0 0.302644 0.035358 0.0355553 0.0535467 4
0 0.613958 0.184191 0.0328899 0.0499282 5
0 0.466874 0.0917549 0.0343329 0.0606054 6
0 0.745845 0.130613 0.0303999 0.0568193 7
0 0.303106 0.156599 0.0357022 0.0576305 8
0 0.702346 0.18889 0.0317271 0.0490224 9
0 0.615231 0.0491499 0.0322694 0.0476763 10
0 0.511615 0.174149 0.0317808 0.0532152 11
0 0.399185 0.155441 0.035143 0.0581461 12
