0 0.398865 0.0908955 0.0348554 0.0514442 1
0 0.661882 0.157673 0.0312405 0.0589708 2
0 0.573508 0.150349 0.0323262 0.058742 3
0 0.303153 0.0853475 0.0363339 0.0537838 4
0 0.61319 0.235986 0.032971 0.0514588 5
0 0.466886 0.142835 0.0333398 0.0615774 6
0 0.745515 0.183431 0.0309832 0.0580815 7
0 0.302432 0.207081 0.036652 0.0600032 8
0 0.701694 0.240583 0.0316262 0.0491558 9
0 0.61541 0.102377 0.0322912 0.0497871 10
0 0.511089 0.224516 0.0321845 0.0532861 11
0 0.398921 0.206701 0.0360198 0.0591797 12
