0 0.398579 0.0410979 0.0344507 0.0514034 1
0 0.662487 0.105676 0.0328538 0.0590767 2
0 0.573799 0.0996226 0.0328661 0.0587882 3
0 0.302898 0.0355863 0.0354317 0.0536945 4
0 0.614072 0.184282 0.0329557 0.0499549 5
0 0.467085 0.0920004 0.0345961 0.0612674 6
0 0.746055 0.130667 0.0307366 0.057109 7
0 0.30329 0.15676 0.0355752 0.0574955 8
0 0.702504 0.188905 0.031838 0.0491049 9
0 0.615431 0.049235 0.0323954 0.0479316 10
0 0.511813 0.174262 0.0317424 0.0532787 11
0 0.399465 0.155619 0.035036 0.0580962 12
