0 0.398605 0.0410271 0.034501 0.0512245 1
0 0.662647 0.105599 0.0328867 0.0589468 2
0 0.573831 0.0995648 0.0327957 0.0590302 3
0 0.302988 0.0355715 0.0357658 0.0538602 4
0 0.614152 0.184175 0.0329846 0.0500226 5
0 0.46705 0.0919331 0.0344295 0.0611611 6
0 0.746132 0.130706 0.0306409 0.0570369 7
0 0.303374 0.156617 0.0356282 0.0574879 8
0 0.702619 0.18875 0.0316642 0.0489194 9
0 0.615472 0.0491725 0.0321562 0.0477801 10
0 0.511919 0.17414 0.0317558 0.0531924 11
0 0.399464 0.155435 0.0351502 0.0580601 12
