0 0.398312 0.0408901 0.0344172 0.0513117 1
0 0.662318 0.105668 0.0326642 0.0586258 2
0 0.573634 0.0995634 0.0328038 0.0584678 3
0 0.302655 0.0353376 0.0355616 0.0535805 4
0 0.613954 0.184176 0.032888 0.0499282 5
0 0.466882 0.0917745 0.0343322 0.0605761 6
0 0.745831 0.130607 0.0303728 0.0567779 7
0 0.303091 0.156616 0.0357186 0.0576388 8
0 0.702331 0.18892 0.0317184 0.0489969 9
0 0.615212 0.0491433 0.0323043 0.0476964 10
0 0.511588 0.174133 0.0317916 0.0532525 11
0 0.399176 0.155462 0.0350883 0.0580904 12
