0 0.398293 0.040973 0.0344207 0.0513186 1
0 0.662255 0.105611 0.0327453 0.058753 2
0 0.573497 0.0995905 0.0330866 0.0590552 3
0 0.302594 0.0353943 0.0356294 0.0537838 4
0 0.613879 0.184125 0.0329442 0.0500577 5
0 0.466874 0.0917593 0.0344689 0.0608747 6
0 0.745822 0.13058 0.0306147 0.057246 7
0 0.303001 0.156525 0.0357408 0.0577237 8
0 0.70228 0.188767 0.0317676 0.0490879 9
0 0.615229 0.0491682 0.0323699 0.0478429 10
0 0.511562 0.174127 0.0318737 0.0534962 11
0 0.399191 0.155362 0.0351985 0.0583152 12
