0 0.398287 0.0408456 0.0344365 0.051101 1
0 0.662241 0.105645 0.0326109 0.0587434 2
0 0.573362 0.0997771 0.0328201 0.0584176 3
0 0.302671 0.0353506 0.0354253 0.0534721 4
0 0.613876 0.184181 0.0329104 0.0498989 5
0 0.46691 0.0917302 0.0343865 0.0608998 6
0 0.745764 0.130558 0.0305778 0.0573336 7
0 0.303054 0.156506 0.0357532 0.0576127 8
0 0.70229 0.188756 0.031604 0.0488607 9
0 0.615261 0.0491256 0.0321555 0.0475586 10
0 0.51152 0.173972 0.0317684 0.0533113 11
0 0.399178 0.155325 0.0351615 0.0578382 12
