0 0.398807 0.057337 0.0336554 0.0493778 1
0 0.662405 0.123888 0.0329939 0.0605276 2
0 0.574049 0.11531 0.0326341 0.0585932 3
0 0.302861 0.0521842 0.0364778 0.0540394 4
0 0.613466 0.202696 0.0334849 0.0514747 5
0 0.467463 0.11023 0.0345993 0.063089 6
0 0.745873 0.149151 0.0317725 0.0593875 7
0 0.303084 0.173667 0.0364962 0.0591886 8
0 0.702481 0.206459 0.0323991 0.0500328 9
0 0.616382 0.0684062 0.0333127 0.050089 10
0 0.51167 0.190865 0.0320072 0.0533867 11
0 0.399456 0.173533 0.0358113 0.0589565 12
