0 0.398336 0.0408132 0.0343291 0.0512905 1
0 0.662287 0.105575 0.0327777 0.0589302 2
0 0.573572 0.099582 0.0328968 0.058833 3
0 0.302666 0.0354183 0.0355685 0.0536498 4
0 0.613919 0.184117 0.032949 0.0500624 5
0 0.46688 0.0917012 0.0344057 0.0608982 6
0 0.745924 0.130672 0.0305655 0.057229 7
0 0.303026 0.156523 0.0357205 0.0577196 8
0 0.702294 0.188788 0.0317391 0.0490547 9
0 0.615274 0.0491121 0.0323692 0.047809 10
0 0.511626 0.174 0.0320061 0.053507 11
0 0.399224 0.155329 0.0350374 0.0581144 12
