0 0.398614 0.0410214 0.034497 0.051153 1
0 0.662603 0.105555 0.0327039 0.0587181 2
0 0.573808 0.0997425 0.0327858 0.0589619 3
0 0.302892 0.0356985 0.0357744 0.0537775 4
0 0.614114 0.184251 0.0328408 0.0497212 5
0 0.46707 0.0919535 0.0343646 0.0610483 6
0 0.745998 0.13085 0.0306257 0.0569738 7
0 0.30346 0.156764 0.0357142 0.0576149 8
0 0.702554 0.189022 0.0316561 0.0489917 9
0 0.615548 0.0493186 0.0320743 0.047563 10
0 0.512005 0.174244 0.0317408 0.0530525 11
0 0.399472 0.155577 0.035033 0.0578433 12
