0 0.398458 0.0407131 0.0347 0.051538 1
0 0.662475 0.105505 0.0326403 0.0586114 2
0 0.573704 0.0993937 0.0326652 0.0585145 3
0 0.302958 0.035355 0.0357113 0.0536796 4
0 0.614035 0.184082 0.0328438 0.0498543 5
0 0.46696 0.0917567 0.0343707 0.061082 6
0 0.745965 0.130472 0.0303926 0.0569166 7
0 0.303293 0.156444 0.0356642 0.0574686 8
0 0.702538 0.188625 0.0315773 0.0488372 9
0 0.615409 0.0490599 0.0321384 0.047509 10
0 0.511798 0.173901 0.0316956 0.0533044 11
0 0.399403 0.155235 0.0350831 0.0579156 12
