0 0.396129 0.445776 0.0334089 0.0525149 1
0 0.656988 0.509756 0.0321144 0.057902 2
0 0.569097 0.504774 0.0327419 0.058925 3
0 0.300239 0.442061 0.0355844 0.0571445 4
0 0.608308 0.583731 0.0314361 0.0453144 5
0 0.462683 0.49939 0.0332312 0.0602201 6
0 0.739866 0.532402 0.0313235 0.0570583 7
0 0.298469 0.562186 0.0346072 0.0529897 8
0 0.695379 0.587656 0.0322651 0.0447449 9
0 0.611264 0.452198 0.0314131 0.0512897 10
0 0.505794 0.576934 0.031814 0.0499174 11
0 0.394173 0.560396 0.034672 0.0553021 12
