0 0.398397 0.0409103 0.0346134 0.051601 1
0 0.662239 0.105711 0.0327291 0.0589491 2
0 0.573487 0.0995038 0.0331009 0.0593233 3
0 0.302689 0.0354553 0.035634 0.0537957 4
0 0.613865 0.184198 0.0328987 0.0500408 5
0 0.46685 0.0918104 0.0343629 0.0609481 6
0 0.74572 0.130626 0.0305296 0.0573337 7
0 0.303065 0.156546 0.0356852 0.0576176 8
0 0.702266 0.188807 0.0318307 0.0491076 9
0 0.615199 0.0492714 0.0324171 0.0478219 10
0 0.51155 0.174098 0.0317217 0.0532618 11
0 0.399243 0.15551 0.0352141 0.0581062 12
