0 0.398571 0.0408948 0.034505 0.0512928 1
0 0.662628 0.105404 0.0326626 0.0584788 2
0 0.573794 0.0995347 0.0327536 0.0586929 3
0 0.302941 0.0353911 0.0356549 0.0535506 4
0 0.614084 0.184119 0.0328919 0.0497528 5
0 0.466984 0.0916741 0.0344071 0.0613377 6
0 0.746069 0.13049 0.0306947 0.0570556 7
0 0.303293 0.156492 0.0355747 0.0575587 8
0 0.702565 0.188682 0.031576 0.0488208 9
0 0.615465 0.0491213 0.0321643 0.047682 10
0 0.51187 0.173859 0.0316236 0.0532645 11
0 0.399406 0.155301 0.0349222 0.0579925 12
