0 0.390942 0.863864 0.034339 0.0570576 1
0 0.651971 0.918425 0.0316764 0.0594557 2
0 0.563737 0.917883 0.03178 0.058478 3
0 0.295414 0.867159 0.0353194 0.0600751 4
0 0.603274 0.985014 0.0267988 0.029972 5
0 0.457541 0.916915 0.0325413 0.0591699 6
0 0.733429 0.936487 0.0290462 0.0530209 7
0 0.293625 0.981488 0.029548 0.0370243 8
0 0.690157 0.985056 0.0272559 0.029888 9
0 0.606258 0.861249 0.0315629 0.0551153 10
0 0.500811 0.982934 0.0274421 0.0341324 11
0 0.389415 0.977618 0.0317784 0.0447645 12
