0 0.398322 0.0408845 0.0344486 0.0512046 1
0 0.662247 0.105652 0.0326786 0.0587419 2
0 0.573418 0.0995452 0.0328993 0.0585811 3
0 0.30274 0.0353683 0.0355939 0.0535374 4
0 0.613883 0.184105 0.032832 0.0498247 5
0 0.466916 0.0916332 0.0343293 0.0607725 6
0 0.745753 0.130523 0.0303957 0.0571394 7
0 0.303111 0.156442 0.0356995 0.0574418 8
0 0.702282 0.188763 0.0315908 0.048662 9
0 0.61517 0.0491491 0.0322732 0.0476575 10
0 0.511487 0.173971 0.0317444 0.0534051 11
0 0.399181 0.155307 0.0352237 0.0580191 12
