0 0.398711 0.0408878 0.0344264 0.0511361 1
0 0.662789 0.105321 0.0329165 0.0587972 2
0 0.573937 0.0996135 0.0326198 0.0587297 3
0 0.30286 0.0353873 0.035587 0.0535343 4
0 0.614219 0.184177 0.0328529 0.0497464 5
0 0.467085 0.0916987 0.0343125 0.0612806 6
0 0.74617 0.13042 0.0306551 0.0569712 7
0 0.303476 0.156502 0.0355436 0.0575202 8
0 0.70274 0.188617 0.0315606 0.048846 9
0 0.615583 0.0488665 0.0321475 0.0476296 10
0 0.512053 0.173946 0.0316236 0.0533984 11
0 0.39958 0.155252 0.0348416 0.0578569 12
