0 0.398413 0.0410111 0.0344076 0.0510895 1
0 0.662392 0.10568 0.0326794 0.0588867 2
0 0.573556 0.0996554 0.0328142 0.0586859 3
0 0.302803 0.0355657 0.0356276 0.0537164 4
0 0.613932 0.184216 0.0328986 0.0498942 5
0 0.466981 0.0918344 0.0343999 0.0609339 6
0 0.745903 0.130736 0.0305175 0.0571246 7
0 0.30312 0.156639 0.0356935 0.0575545 8
0 0.702308 0.188871 0.0317232 0.0490229 9
0 0.615294 0.0492581 0.0323053 0.0478748 10
0 0.511676 0.174239 0.0317975 0.0533901 11
0 0.399296 0.155575 0.0351935 0.0581032 12
