0 0.398402 0.0408268 0.0344051 0.051106 1
0 0.662306 0.105639 0.0326422 0.0586555 2
0 0.573516 0.0996109 0.0328279 0.0586847 3
0 0.30272 0.035406 0.0356328 0.053521 4
0 0.613898 0.184124 0.0328254 0.0498145 5
0 0.466924 0.0916413 0.0343825 0.0608878 6
0 0.745878 0.130555 0.0303502 0.0568764 7
0 0.303143 0.15654 0.0356529 0.0574007 8
0 0.70239 0.188857 0.0316966 0.0489086 9
0 0.61524 0.0493044 0.0322154 0.047607 10
0 0.511623 0.173984 0.0317391 0.0533485 11
0 0.399209 0.155241 0.035139 0.0579048 12
