0 0.39847 0.0410226 0.0344311 0.0512914 1
0 0.662485 0.105607 0.0326619 0.0586116 2
0 0.573714 0.0996425 0.0327242 0.0586855 3
0 0.302781 0.0354469 0.0356953 0.053885 4
0 0.614031 0.184138 0.0328804 0.0498015 5
0 0.466995 0.0918461 0.0343873 0.0609881 6
0 0.746024 0.130789 0.0306276 0.0571014 7
0 0.303185 0.156539 0.0356759 0.0576106 8
0 0.702559 0.188881 0.0316233 0.0488072 9
0 0.615411 0.04905 0.0322033 0.0477274 10
0 0.511841 0.174062 0.0316943 0.0531851 11
0 0.399335 0.155447 0.0349873 0.0579207 12
