0 0.568864 0.813734 0.032272 0.0578573 14
0 0.353891 0.790381 0.0340696 0.0594046 15
0 0.258278 0.781818 0.035537 0.0598414 16
0 0.522784 0.863597 0.0335962 0.0585149 17
0 0.610748 0.874533 0.0320158 0.0581233 18
0 0.418061 0.850668 0.0329596 0.0600094 19
0 0.690346 0.902806 0.0299608 0.0540456 20
0 0.346551 0.904776 0.0351099 0.047118 21
0 0.251111 0.900552 0.0356871 0.0463046 22
0 0.457211 0.925887 0.0329248 0.0394023 23
0 0.55743 0.938461 0.0330863 0.0353022 24
0 0.642611 0.947719 0.0329858 0.0341291 25
