0 0.398753 0.0408146 0.0345047 0.050994 1
0 0.662748 0.105438 0.0329345 0.0589332 2
0 0.573925 0.0995334 0.0327076 0.0587326 3
0 0.303017 0.0354157 0.0356386 0.053639 4
0 0.61427 0.184159 0.0330679 0.0500802 5
0 0.467153 0.0918415 0.03443 0.0613668 6
0 0.746146 0.130466 0.0305535 0.05689 7
0 0.303493 0.15647 0.0355969 0.0575611 8
0 0.702767 0.188602 0.0316262 0.0488495 9
0 0.615563 0.0489255 0.0320873 0.0475118 10
0 0.512013 0.173914 0.03165 0.0533697 11
0 0.399608 0.155289 0.0349667 0.0579715 12
