0 0.398266 0.0409219 0.0344513 0.0513799 1
0 0.66227 0.105619 0.0326047 0.0584651 2
0 0.573537 0.0996331 0.0329969 0.0588628 3
0 0.302539 0.0353902 0.0356898 0.05387 4
0 0.613892 0.184032 0.0328891 0.0499576 5
0 0.466837 0.091693 0.0343553 0.0606533 6
0 0.745853 0.130705 0.0304951 0.0569694 7
0 0.303028 0.156527 0.0358252 0.0578528 8
0 0.702298 0.188752 0.0317419 0.0490353 9
0 0.615228 0.0491557 0.0322097 0.04757 10
0 0.511574 0.174026 0.0318747 0.0534809 11
0 0.399149 0.155439 0.0350789 0.0580849 12
