0 0.398638 0.0453971 0.0348816 0.052136 1
0 0.662506 0.110858 0.0325701 0.0586384 2
0 0.573639 0.104752 0.0325322 0.0579421 3
0 0.302891 0.0403287 0.0355547 0.0534641 4
0 0.614249 0.189438 0.0327328 0.0498593 5
0 0.466826 0.0971537 0.034589 0.0618827 6
0 0.746277 0.136277 0.0305515 0.0568688 7
0 0.303138 0.161321 0.0355375 0.0574049 8
0 0.702709 0.193843 0.031772 0.0490683 9
0 0.615499 0.0547283 0.0319334 0.046969 10
0 0.511958 0.179077 0.0314361 0.0529743 11
0 0.399505 0.159911 0.0349643 0.0582533 12
