0 0.398444 0.0409357 0.0345507 0.0513604 1
0 0.662418 0.105687 0.0326546 0.0587428 2
0 0.573674 0.0994993 0.0326721 0.0584823 3
0 0.302883 0.0354757 0.0356689 0.0536137 4
0 0.61398 0.184182 0.0328391 0.0498128 5
0 0.467009 0.0918527 0.034339 0.0609718 6
0 0.745936 0.130586 0.030341 0.0569557 7
0 0.30322 0.156482 0.0355892 0.0573251 8
0 0.702495 0.188835 0.0316503 0.0488361 9
0 0.615346 0.0490883 0.0320926 0.047492 10
0 0.511744 0.174053 0.0316767 0.0533311 11
0 0.399368 0.15531 0.0350786 0.0579134 12
