0 0.577902 0.846385 0.0308628 0.0538016 14
0 0.362739 0.838385 0.0370127 0.0598113 15
0 0.266635 0.833905 0.0370503 0.0601001 16
0 0.533473 0.901471 0.0361456 0.0587677 17
0 0.619973 0.907015 0.0327955 0.0559243 18
0 0.428373 0.894421 0.0352992 0.0609732 19
0 0.701336 0.930085 0.0314216 0.0513155 20
0 0.357479 0.953328 0.0415938 0.0481029 21
0 0.261557 0.954936 0.040247 0.0444418 22
0 0.468485 0.967737 0.0423243 0.0424544 23
0 0.569551 0.975775 0.0419754 0.0389301 24
0 0.655636 0.979018 0.0386009 0.0372042 25
