0 0.398586 0.0410839 0.0344874 0.0511883 1
0 0.662512 0.105653 0.032843 0.0590144 2
0 0.573804 0.0996601 0.032683 0.0587819 3
0 0.302896 0.0357404 0.0356785 0.0537418 4
0 0.614068 0.18424 0.0329029 0.0498454 5
0 0.467082 0.0919976 0.0345462 0.0613223 6
0 0.746036 0.130788 0.0305997 0.0570875 7
0 0.303343 0.156617 0.0357295 0.0575975 8
0 0.702487 0.188901 0.0316858 0.0489216 9
0 0.615445 0.0492927 0.0322705 0.0478734 10
0 0.511814 0.174175 0.0316479 0.0531953 11
0 0.399462 0.155622 0.0351609 0.0579785 12
