0 0.398308 0.0409367 0.0344035 0.0513655 1
0 0.662338 0.105556 0.0326055 0.0585457 2
0 0.573559 0.0995879 0.0328928 0.0588379 3
0 0.302696 0.0353222 0.0356095 0.0537205 4
0 0.613971 0.184035 0.0329571 0.0500442 5
0 0.466858 0.0917341 0.0343487 0.0607412 6
0 0.745933 0.130646 0.0304459 0.0569363 7
0 0.303026 0.156554 0.0357388 0.0577047 8
0 0.70237 0.188824 0.0317948 0.0490566 9
0 0.615254 0.0491495 0.0321368 0.0474769 10
0 0.511713 0.173888 0.0320055 0.0535061 11
0 0.399154 0.155306 0.0350463 0.0580991 12
