0 0.398616 0.0410328 0.0345079 0.0511756 1
0 0.662635 0.105557 0.0326721 0.0586105 2
0 0.573798 0.0997056 0.0326665 0.058726 3
0 0.302871 0.0356488 0.0357283 0.0537332 4
0 0.61411 0.184237 0.0328675 0.0497813 5
0 0.46708 0.0919688 0.0343624 0.0610207 6
0 0.746022 0.130832 0.0307179 0.0570079 7
0 0.303416 0.156726 0.0356318 0.0574856 8
0 0.702577 0.188993 0.0316863 0.0489849 9
0 0.615556 0.04928 0.0321115 0.04764 10
0 0.511986 0.174205 0.0317459 0.0530872 11
0 0.399496 0.155541 0.035125 0.0580395 12
