0 0.39837 0.0408187 0.0345149 0.0513327 1
0 0.662234 0.105733 0.0327107 0.0588792 2
0 0.573392 0.0996361 0.0329061 0.0586091 3
0 0.302731 0.0353094 0.0358241 0.0538624 4
0 0.613888 0.184182 0.0328789 0.0499474 5
0 0.466861 0.0916353 0.0344283 0.060967 6
0 0.745769 0.130586 0.0305655 0.0574416 7
0 0.303185 0.15639 0.0357141 0.0574489 8
0 0.702257 0.18875 0.0319097 0.0492298 9
0 0.615194 0.0492188 0.0322427 0.0476457 10
0 0.511577 0.174095 0.0318019 0.053429 11
0 0.39916 0.155362 0.0351259 0.057819 12
