0 0.39853 0.0409825 0.034495 0.0511794 1
0 0.662447 0.105657 0.0326766 0.058719 2
0 0.573774 0.0994457 0.0327713 0.058711 3
0 0.302855 0.0354629 0.0357117 0.053671 4
0 0.614056 0.184039 0.0329046 0.0499588 5
0 0.466945 0.091659 0.0344419 0.0611339 6
0 0.745968 0.130389 0.0303719 0.0569236 7
0 0.303291 0.156416 0.0357595 0.0575935 8
0 0.70253 0.188473 0.0317741 0.0491489 9
0 0.615424 0.0491883 0.03221 0.0476286 10
0 0.511807 0.173905 0.0317143 0.0533385 11
0 0.399376 0.155253 0.035141 0.057982 12
