0 0.398616 0.0410531 0.0344839 0.0511331 1
0 0.662587 0.105685 0.0327521 0.0588117 2
0 0.573786 0.0997186 0.0327571 0.0589132 3
0 0.302967 0.0356169 0.0357023 0.0536558 4
0 0.614083 0.184253 0.0328841 0.0498003 5
0 0.467072 0.0920144 0.0343841 0.0610706 6
0 0.74602 0.130826 0.0305967 0.0569368 7
0 0.303395 0.15671 0.0356424 0.057496 8
0 0.702557 0.189007 0.0316552 0.0489911 9
0 0.615548 0.0492606 0.032112 0.0476261 10
0 0.511969 0.174256 0.0317151 0.0530076 11
0 0.399495 0.155505 0.0351296 0.0580402 12
