0 0.398605 0.0410613 0.0344922 0.0511527 1
0 0.662587 0.105697 0.0327538 0.0587866 2
0 0.573794 0.0997002 0.0327363 0.058873 3
0 0.302984 0.0356126 0.0357054 0.0536848 4
0 0.614084 0.184254 0.0328786 0.0497873 5
0 0.467071 0.0920136 0.0343551 0.0610454 6
0 0.746027 0.130828 0.0306497 0.0569634 7
0 0.303384 0.156708 0.0356439 0.0575135 8
0 0.70255 0.188996 0.0316502 0.0489461 9
0 0.615548 0.0492775 0.0321228 0.0476356 10
0 0.511969 0.174234 0.0317588 0.0530742 11
0 0.3995 0.155517 0.0351362 0.0580404 12
