0 0.398615 0.0410899 0.034508 0.0511584 1
0 0.662581 0.105665 0.0327473 0.0588031 2
0 0.573793 0.0996637 0.0326511 0.0587757 3
0 0.302878 0.0357079 0.0356703 0.0536481 4
0 0.614102 0.184316 0.0329203 0.0498717 5
0 0.467079 0.092008 0.0344269 0.0611267 6
0 0.746049 0.130728 0.0305923 0.0569871 7
0 0.303412 0.156655 0.0356236 0.057499 8
0 0.702542 0.18889 0.0316514 0.0489223 9
0 0.615473 0.0492783 0.0322804 0.0478675 10
0 0.511906 0.174308 0.031676 0.0530603 11
0 0.39951 0.15557 0.0351231 0.0579893 12
