0 0.559918 0.829619 0.0311826 0.0559325 14
0 0.34658 0.799417 0.0340536 0.0591895 15
0 0.251046 0.786457 0.0362785 0.0617134 16
0 0.514469 0.879748 0.0331217 0.0585069 17
0 0.601094 0.89452 0.0307458 0.0561728 18
0 0.409864 0.862684 0.0333649 0.06082 19
0 0.679419 0.926273 0.029842 0.0519689 20
0 0.336936 0.913445 0.035666 0.0481576 21
0 0.241142 0.904707 0.0350595 0.0451747 22
0 0.447319 0.938552 0.0324002 0.039363 23
0 0.547031 0.954669 0.0324297 0.0347138 24
0 0.631796 0.967784 0.0337883 0.0347261 25
