0 0.398349 0.0409385 0.0344131 0.0513473 1
0 0.662392 0.105643 0.03276 0.058832 2
0 0.573597 0.0994652 0.0330546 0.0589641 3
0 0.302724 0.0355616 0.0356521 0.0536942 4
0 0.613947 0.184184 0.0329318 0.0499644 5
0 0.466926 0.0917579 0.0345289 0.0609807 6
0 0.745913 0.130541 0.0306651 0.057437 7
0 0.303133 0.156612 0.035671 0.0575787 8
0 0.702366 0.188802 0.0317431 0.0490327 9
0 0.615304 0.049199 0.0323689 0.0478263 10
0 0.511648 0.174171 0.0318058 0.0532581 11
0 0.399285 0.155436 0.0351148 0.0580667 12
