0 0.398698 0.0408827 0.034467 0.0511883 1
0 0.66276 0.105291 0.0327808 0.0585821 2
0 0.573919 0.0995197 0.0327116 0.0588766 3
0 0.302954 0.0354433 0.035642 0.0535507 4
0 0.614199 0.184056 0.0328453 0.0496641 5
0 0.467036 0.0915519 0.0343709 0.0613453 6
0 0.746164 0.130485 0.0307024 0.0569278 7
0 0.303393 0.156485 0.0355341 0.0575136 8
0 0.702748 0.188629 0.0316017 0.0488647 9
0 0.615549 0.0489223 0.032151 0.0475836 10
0 0.511972 0.173795 0.0316309 0.0534654 11
0 0.399543 0.155199 0.034922 0.0579466 12
