0 0.398305 0.040855 0.0343611 0.0512084 1
0 0.662288 0.10563 0.0325912 0.0584426 2
0 0.573573 0.0997148 0.0329728 0.0587913 3
0 0.302608 0.0352616 0.0355656 0.0536324 4
0 0.613939 0.184077 0.0328595 0.0498905 5
0 0.46685 0.0918751 0.034324 0.0605965 6
0 0.745862 0.130647 0.0304002 0.0568016 7
0 0.303045 0.156481 0.0357488 0.0577087 8
0 0.702304 0.188818 0.0316659 0.048946 9
0 0.615217 0.0491475 0.0321812 0.047513 10
0 0.511569 0.174039 0.0318494 0.0534361 11
0 0.399165 0.155446 0.0350128 0.0579488 12
