0 0.398484 0.0408704 0.0345324 0.0512878 1
0 0.66255 0.105418 0.0327014 0.0587185 2
0 0.57373 0.0993267 0.0327234 0.0586731 3
0 0.302898 0.0353044 0.0356821 0.0536422 4
0 0.614057 0.184027 0.0328464 0.0498557 5
0 0.466973 0.0917658 0.0343503 0.06108 6
0 0.746037 0.130413 0.0303212 0.0567594 7
0 0.30329 0.156409 0.0357228 0.057599 8
0 0.702578 0.188592 0.0315614 0.0487809 9
0 0.615423 0.0490331 0.0322009 0.0476021 10
0 0.511826 0.173847 0.0316936 0.0533129 11
0 0.399423 0.155231 0.0350956 0.0579719 12
