0 0.398608 0.0410738 0.0344785 0.0511378 1
0 0.662559 0.105692 0.0327494 0.0588587 2
0 0.573819 0.0996484 0.032702 0.0589044 3
0 0.302888 0.0356658 0.0356917 0.0537092 4
0 0.614094 0.184286 0.0329214 0.0498626 5
0 0.467079 0.0920464 0.0344854 0.0612048 6
0 0.74606 0.130845 0.0306591 0.057125 7
0 0.303377 0.156653 0.035636 0.0575486 8
0 0.702521 0.188882 0.0316778 0.048944 9
0 0.615489 0.0493545 0.032284 0.0478468 10
0 0.511862 0.174212 0.0317039 0.0531879 11
0 0.399503 0.155615 0.0351436 0.0579641 12
