0 0.398361 0.0409915 0.034397 0.0512673 1
0 0.662262 0.105693 0.0325926 0.0585853 2
0 0.573406 0.0998016 0.032733 0.0585031 3
0 0.302747 0.0356591 0.0356055 0.0536879 4
0 0.613869 0.184276 0.0328275 0.0498823 5
0 0.466896 0.0918097 0.0343597 0.0607837 6
0 0.745725 0.130916 0.0304284 0.0569478 7
0 0.30304 0.15659 0.03571 0.0574086 8
0 0.702186 0.189068 0.0317412 0.049025 9
0 0.61527 0.0493527 0.0321125 0.0475338 10
0 0.511555 0.174176 0.0318573 0.053293 11
0 0.399216 0.15563 0.0351742 0.0580267 12
