0 0.394368 0.528589 0.0348535 0.0552161 1
0 0.655997 0.590824 0.0323304 0.0580575 2
0 0.56772 0.586688 0.0327172 0.0584028 3
0 0.299083 0.526146 0.0358818 0.0583737 4
0 0.607069 0.664348 0.0326785 0.0459897 5
0 0.461758 0.582148 0.0330285 0.0598276 6
0 0.738694 0.613485 0.0312663 0.0580203 7
0 0.29759 0.646425 0.03566 0.0543484 8
0 0.694435 0.66719 0.0319381 0.0434753 9
0 0.610238 0.533345 0.0316712 0.0515135 10
0 0.505041 0.658401 0.0322841 0.0497671 11
0 0.393242 0.643619 0.034718 0.0549919 12
