0 0.39838 0.040954 0.0343992 0.0512338 1
0 0.66225 0.105828 0.0326709 0.0587515 2
0 0.57347 0.0997376 0.0328366 0.0587056 3
0 0.302728 0.0356367 0.0356568 0.0537446 4
0 0.613858 0.184263 0.032856 0.0498973 5
0 0.466935 0.0919175 0.0345175 0.0611239 6
0 0.745729 0.130802 0.0305517 0.057248 7
0 0.303061 0.15659 0.0356985 0.0574025 8
0 0.702209 0.188937 0.0317788 0.0490702 9
0 0.615214 0.0493667 0.0324778 0.0481047 10
0 0.511584 0.174205 0.0318251 0.0532573 11
0 0.399212 0.155621 0.0351948 0.0580999 12
