0 0.398447 0.0409573 0.0343533 0.0512577 1
0 0.662439 0.105641 0.0326617 0.0586084 2
0 0.573759 0.0995232 0.0327492 0.0583676 3
0 0.302852 0.0355444 0.0355742 0.0538501 4
0 0.614072 0.184166 0.0328863 0.0498059 5
0 0.467046 0.0918951 0.0344893 0.0609627 6
0 0.745913 0.130576 0.0303764 0.0566384 7
0 0.303238 0.15671 0.0356435 0.057602 8
0 0.702476 0.188884 0.03173 0.0489318 9
0 0.61531 0.0492169 0.0322114 0.0476071 10
0 0.511786 0.174253 0.031847 0.0533885 11
0 0.399327 0.155532 0.0350536 0.0581169 12
