0 0.398617 0.0407658 0.0345671 0.0514051 1
0 0.662481 0.105596 0.0328022 0.0587917 2
0 0.573685 0.0996156 0.0328219 0.0589093 3
0 0.302875 0.0353981 0.0357376 0.0537818 4
0 0.614043 0.184142 0.0329307 0.0498464 5
0 0.46697 0.091846 0.0343619 0.0613059 6
0 0.745953 0.130619 0.0305618 0.0567991 7
0 0.303234 0.156588 0.0355831 0.0575041 8
0 0.702494 0.188917 0.0317061 0.0489481 9
0 0.615369 0.049221 0.0323145 0.0479895 10
0 0.511781 0.17405 0.0317608 0.0534763 11
0 0.399348 0.155363 0.0350435 0.0580974 12
