0 0.398535 0.0410412 0.0344666 0.0511137 1
0 0.662456 0.105707 0.0327474 0.0589964 2
0 0.573671 0.0996006 0.0329358 0.0590396 3
0 0.302914 0.0355733 0.0356755 0.0537076 4
0 0.61397 0.184246 0.0328422 0.0497604 5
0 0.46699 0.0917903 0.0344733 0.0611289 6
0 0.745906 0.130813 0.0305992 0.057191 7
0 0.303222 0.156608 0.035646 0.0574848 8
0 0.702406 0.188892 0.0317299 0.0490343 9
0 0.615358 0.0493205 0.0323768 0.0479666 10
0 0.511743 0.174158 0.0317157 0.0532675 11
0 0.39935 0.15557 0.0351811 0.0580641 12
