0 0.398323 0.0408237 0.0345887 0.0512546 1
0 0.662234 0.105632 0.0325096 0.0585482 2
0 0.573409 0.0997521 0.0326777 0.0581856 3
0 0.30266 0.0354661 0.035564 0.0537378 4
0 0.613875 0.184111 0.032828 0.0497681 5
0 0.466936 0.091696 0.0342649 0.0606116 6
0 0.745838 0.130852 0.0306572 0.0573406 7
0 0.303078 0.156636 0.0356321 0.0574128 8
0 0.702279 0.188963 0.0315407 0.0487882 9
0 0.615318 0.0492478 0.0320336 0.0473794 10
0 0.511535 0.174055 0.031661 0.0531662 11
0 0.399206 0.155432 0.0350444 0.057678 12
