0 0.395747 0.422065 0.0340175 0.0538058 1
0 0.657305 0.486857 0.0317588 0.0574094 2
0 0.569286 0.481509 0.0326675 0.0587745 3
0 0.300321 0.418433 0.0354897 0.0568626 4
0 0.608642 0.560766 0.0313792 0.0455404 5
0 0.463216 0.475811 0.033352 0.0602875 6
0 0.740447 0.508977 0.031109 0.0564278 7
0 0.298704 0.538474 0.0353088 0.0539435 8
0 0.695759 0.564534 0.0325177 0.0452015 9
0 0.611733 0.42934 0.0312874 0.0508514 10
0 0.506182 0.553864 0.0317381 0.0498912 11
0 0.394502 0.53679 0.0350327 0.0558151 12
