0 0.398425 0.041063 0.0343965 0.0511542 1
0 0.662347 0.105748 0.0326682 0.0587821 2
0 0.573539 0.0997642 0.0328366 0.0587589 3
0 0.30281 0.0355409 0.0356839 0.0537665 4
0 0.613887 0.184236 0.032812 0.0497544 5
0 0.466945 0.0919354 0.0344168 0.0609631 6
0 0.745754 0.130781 0.0304609 0.0570748 7
0 0.303161 0.156657 0.0357787 0.0575889 8
0 0.702268 0.188989 0.0317516 0.0490008 9
0 0.61533 0.049382 0.0322666 0.0477679 10
0 0.511637 0.174259 0.0318452 0.0533358 11
0 0.399283 0.155539 0.0351828 0.0581595 12
