0 0.398308 0.0409813 0.0345246 0.051536 1
0 0.662331 0.105634 0.0327168 0.0587326 2
0 0.573639 0.0995429 0.0329085 0.0588898 3
0 0.302645 0.0353246 0.0355179 0.0535811 4
0 0.613943 0.184113 0.0329237 0.0499729 5
0 0.466894 0.0917556 0.034326 0.0606834 6
0 0.745899 0.130656 0.0304961 0.0570453 7
0 0.303055 0.156556 0.0357288 0.0576694 8
0 0.702395 0.1888 0.0317595 0.0489732 9
0 0.615226 0.0491035 0.0322702 0.0477178 10
0 0.511688 0.174032 0.0318973 0.0533079 11
0 0.39921 0.155434 0.0350531 0.0580839 12
