0 0.398669 0.0408206 0.0343934 0.0509706 1
0 0.662745 0.105366 0.032761 0.0586126 2
0 0.573909 0.0993935 0.0325715 0.0584318 3
0 0.302904 0.0353742 0.0356017 0.0537058 4
0 0.614174 0.184049 0.0329088 0.0496986 5
0 0.467091 0.0917075 0.0344413 0.061197 6
0 0.746114 0.130502 0.0305394 0.0570154 7
0 0.303444 0.156421 0.0355645 0.0574628 8
0 0.70274 0.18858 0.0316102 0.0487511 9
0 0.615554 0.0489902 0.0320363 0.0473811 10
0 0.511942 0.173889 0.0316824 0.0533215 11
0 0.399558 0.155175 0.0349332 0.057895 12
