0 0.39849 0.0410038 0.0344429 0.0513467 1
0 0.662488 0.105715 0.0326931 0.0587752 2
0 0.573799 0.0997495 0.0328032 0.0587766 3
0 0.302789 0.0355333 0.0355802 0.0538886 4
0 0.614099 0.18427 0.0328853 0.0498371 5
0 0.467053 0.0919452 0.0344173 0.0610175 6
0 0.74603 0.130673 0.0305954 0.0568646 7
0 0.303264 0.156732 0.0355836 0.0575155 8
0 0.702578 0.188943 0.0317277 0.0489371 9
0 0.615421 0.0492204 0.0322339 0.0477092 10
0 0.511829 0.17428 0.0317245 0.0532815 11
0 0.399382 0.155544 0.0349976 0.0579784 12
