0 0.398358 0.0409633 0.0344457 0.0515243 1
0 0.662248 0.10558 0.0325895 0.058553 2
0 0.573564 0.0995131 0.0327705 0.0585458 3
0 0.302526 0.0353519 0.0356098 0.0537252 4
0 0.613945 0.184091 0.0329286 0.0500392 5
0 0.466815 0.0916926 0.0342879 0.0606087 6
0 0.745818 0.130659 0.0303597 0.0568044 7
0 0.303037 0.156579 0.0357141 0.0577007 8
0 0.70234 0.188852 0.031634 0.0488936 9
0 0.615231 0.0491092 0.0322699 0.0476466 10
0 0.511697 0.174066 0.0319597 0.0534368 11
0 0.399111 0.155489 0.0350543 0.0580683 12
