0 0.398293 0.0410253 0.0345341 0.0515717 1
0 0.662335 0.105635 0.0326903 0.0587229 2
0 0.573631 0.0995637 0.0328956 0.0588543 3
0 0.302656 0.0352974 0.0355465 0.0536015 4
0 0.61394 0.184089 0.032915 0.0499767 5
0 0.466873 0.091717 0.0343368 0.0607243 6
0 0.74589 0.130643 0.030502 0.057081 7
0 0.303037 0.156542 0.0357498 0.0577373 8
0 0.702378 0.188833 0.0317677 0.0490304 9
0 0.615223 0.0491004 0.0322899 0.0477152 10
0 0.511679 0.173998 0.0319029 0.0533312 11
0 0.399194 0.155366 0.0350791 0.0581767 12
