0 0.398327 0.0409462 0.0343683 0.051213 1
0 0.662264 0.105632 0.0327642 0.0587927 2
0 0.573479 0.0995595 0.0330644 0.0590029 3
0 0.302617 0.0354028 0.0355443 0.053618 4
0 0.613909 0.184132 0.0329112 0.0499873 5
0 0.466901 0.0917387 0.0344906 0.0609214 6
0 0.745862 0.130512 0.0305309 0.0570868 7
0 0.303042 0.156534 0.0356631 0.0575682 8
0 0.702293 0.188799 0.0317509 0.0490722 9
0 0.61521 0.0491591 0.0323488 0.0477997 10
0 0.511573 0.174134 0.0318124 0.0533695 11
0 0.399221 0.155358 0.0351899 0.0582864 12
