0 0.398312 0.0408855 0.0343961 0.0513143 1
0 0.662346 0.105665 0.0326486 0.0586415 2
0 0.573648 0.0995707 0.0328076 0.0584667 3
0 0.302641 0.0354143 0.0355966 0.0536443 4
0 0.613941 0.184217 0.0328832 0.0498553 5
0 0.466886 0.091867 0.0343582 0.0606719 6
0 0.745856 0.130602 0.0303875 0.0569016 7
0 0.303102 0.156618 0.0356651 0.0576045 8
0 0.702351 0.188885 0.0317054 0.0489557 9
0 0.615222 0.0491301 0.0322625 0.0476653 10
0 0.511626 0.17415 0.0317852 0.0531741 11
0 0.39919 0.155417 0.0351543 0.058148 12
