0 0.398679 0.0408272 0.0343496 0.0509515 1
0 0.662878 0.105334 0.0328443 0.0586705 2
0 0.574011 0.0995362 0.0326851 0.0587663 3
0 0.302938 0.0353186 0.0353842 0.0531365 4
0 0.614247 0.184149 0.0328363 0.0497383 5
0 0.467116 0.0915982 0.0344158 0.0613481 6
0 0.746237 0.130514 0.0305623 0.0569554 7
0 0.303494 0.156499 0.0354475 0.0572538 8
0 0.702729 0.188796 0.0314756 0.0487137 9
0 0.615588 0.048882 0.0320607 0.047515 10
0 0.51207 0.174072 0.0315488 0.0532575 11
0 0.399554 0.155273 0.0349074 0.057886 12
