0 0.398236 0.0408378 0.0343323 0.0513221 1
0 0.662277 0.105673 0.0326584 0.0586376 2
0 0.573621 0.0995396 0.0328626 0.0585796 3
0 0.302481 0.035321 0.0355208 0.0535421 4
0 0.61392 0.184144 0.0329173 0.0499615 5
0 0.466848 0.0917212 0.0343158 0.0606789 6
0 0.745822 0.13064 0.0304276 0.0569593 7
0 0.303008 0.156525 0.0357412 0.0577278 8
0 0.702315 0.188851 0.0317443 0.0490309 9
0 0.615187 0.0491346 0.0323085 0.047715 10
0 0.511619 0.17407 0.031942 0.0533814 11
0 0.399144 0.155417 0.0351927 0.0583084 12
