0 0.398621 0.0410706 0.0345223 0.0512239 1
0 0.662622 0.10565 0.0327794 0.058819 2
0 0.573813 0.0996554 0.0327479 0.0589892 3
0 0.302987 0.0355752 0.0356466 0.0536495 4
0 0.614135 0.184178 0.0328998 0.0498491 5
0 0.46707 0.0919717 0.0343909 0.0610798 6
0 0.745998 0.130702 0.0307637 0.0571794 7
0 0.303375 0.15669 0.0356604 0.0575738 8
0 0.702599 0.188932 0.0316617 0.0489271 9
0 0.615576 0.049207 0.0321225 0.047743 10
0 0.511973 0.174223 0.0317725 0.0531865 11
0 0.399488 0.155509 0.0351526 0.0581116 12
