0 0.398619 0.0408168 0.0343902 0.0509841 1
0 0.662727 0.105281 0.0327252 0.058543 2
0 0.573857 0.099484 0.0327148 0.0587097 3
0 0.302911 0.0353945 0.0356344 0.0537328 4
0 0.614164 0.184047 0.0329001 0.0496827 5
0 0.467066 0.0916723 0.0343946 0.0611472 6
0 0.746112 0.130479 0.0305903 0.0570768 7
0 0.30345 0.156421 0.0355978 0.0575125 8
0 0.702717 0.188599 0.0315963 0.0487636 9
0 0.615515 0.0489788 0.0320922 0.0474408 10
0 0.511923 0.173868 0.0316519 0.0532861 11
0 0.39952 0.155163 0.0349126 0.0579014 12
