0 0.398307 0.0410471 0.0344008 0.0513915 1
0 0.66226 0.105762 0.0327004 0.0588177 2
0 0.573425 0.0997727 0.0328234 0.0586955 3
0 0.302681 0.0355426 0.0356488 0.0538287 4
0 0.613859 0.184295 0.032926 0.050059 5
0 0.466867 0.0917556 0.0344177 0.0609153 6
0 0.74568 0.130838 0.0304933 0.0571248 7
0 0.303009 0.156608 0.0357502 0.0576056 8
0 0.702151 0.189123 0.0318413 0.0491111 9
0 0.615192 0.0494937 0.0322917 0.047728 10
0 0.511509 0.174145 0.0317918 0.0532865 11
0 0.39919 0.155678 0.0351513 0.0579895 12
