0 0.3986 0.0409572 0.0345646 0.0513371 1
0 0.662641 0.105606 0.0327765 0.0587639 2
0 0.573875 0.0995376 0.0327817 0.0590084 3
0 0.302936 0.0355519 0.035627 0.053709 4
0 0.614157 0.184238 0.0330033 0.0500315 5
0 0.467048 0.0918202 0.0344455 0.0612295 6
0 0.746042 0.130841 0.0307019 0.0572062 7
0 0.303356 0.156721 0.0355464 0.0573248 8
0 0.70262 0.188926 0.031705 0.0490251 9
0 0.61548 0.0492425 0.032147 0.0477141 10
0 0.511917 0.174064 0.0317249 0.0531935 11
0 0.399491 0.155518 0.0350758 0.0579355 12
