0 0.398432 0.0409171 0.0345277 0.0512879 1
0 0.662288 0.105623 0.0326536 0.0586967 2
0 0.573587 0.0996567 0.0327976 0.0585796 3
0 0.30271 0.0354474 0.0355679 0.0533838 4
0 0.613926 0.184207 0.0329144 0.0499677 5
0 0.4669 0.0916577 0.034465 0.0610975 6
0 0.745868 0.130363 0.0303611 0.0569385 7
0 0.303145 0.156421 0.035789 0.0576438 8
0 0.70239 0.188804 0.0317464 0.0489982 9
0 0.615198 0.0493414 0.0322211 0.0475875 10
0 0.511626 0.174031 0.0316357 0.0532435 11
0 0.399286 0.155312 0.0351376 0.0579116 12
