0 0.398558 0.0409717 0.0346145 0.0514412 1
0 0.662629 0.105627 0.0327788 0.0587853 2
0 0.573861 0.0996559 0.0326681 0.0587779 3
0 0.302928 0.0355932 0.0355036 0.0534964 4
0 0.614119 0.184236 0.0329263 0.0498856 5
0 0.467033 0.0918127 0.0344182 0.0611753 6
0 0.74608 0.130831 0.0306627 0.0571439 7
0 0.303326 0.156725 0.0355527 0.0573354 8
0 0.702638 0.188947 0.0317064 0.0490182 9
0 0.615443 0.0491388 0.0322167 0.0478103 10
0 0.511922 0.174123 0.0317815 0.0532987 11
0 0.399495 0.155519 0.0350922 0.057942 12
