0 0.398392 0.0408557 0.0345267 0.0512529 1
0 0.662305 0.105605 0.0325957 0.0585866 2
0 0.5735 0.0995192 0.0327627 0.0584183 3
0 0.302771 0.0353502 0.035585 0.0534465 4
0 0.613922 0.18413 0.0328516 0.0498862 5
0 0.466916 0.0916365 0.0343612 0.0608879 6
0 0.74585 0.13052 0.0304492 0.0572269 7
0 0.303145 0.156472 0.0357109 0.0575046 8
0 0.70236 0.188803 0.0316588 0.048796 9
0 0.615221 0.0491513 0.0323989 0.0478052 10
0 0.511558 0.173963 0.0316843 0.0533496 11
0 0.399265 0.155281 0.0351488 0.0579465 12
