0 0.398269 0.0408195 0.0344202 0.0511567 1
0 0.662225 0.105598 0.0325621 0.0586177 2
0 0.573392 0.0996286 0.0328643 0.0584692 3
0 0.302666 0.0352791 0.0355243 0.053506 4
0 0.613875 0.184077 0.0328248 0.0498354 5
0 0.466896 0.0915996 0.0342521 0.0606903 6
0 0.745745 0.130492 0.0304255 0.0571187 7
0 0.303081 0.156412 0.0356592 0.0574419 8
0 0.702291 0.188777 0.0315839 0.048758 9
0 0.615207 0.0491085 0.0321321 0.0475627 10
0 0.511508 0.173993 0.0317559 0.0533676 11
0 0.39918 0.15529 0.0352168 0.0579698 12
