0 0.398564 0.0408804 0.0345014 0.0512853 1
0 0.662628 0.10545 0.032669 0.0584677 2
0 0.573789 0.0995475 0.0328186 0.0588607 3
0 0.302932 0.0353917 0.0356592 0.0535788 4
0 0.614077 0.18413 0.0328984 0.0497552 5
0 0.466979 0.0916536 0.0343675 0.0612836 6
0 0.746067 0.130445 0.0306433 0.0569501 7
0 0.303295 0.156498 0.0355914 0.0575773 8
0 0.702556 0.188708 0.0315753 0.048814 9
0 0.61545 0.0490865 0.0321441 0.0476362 10
0 0.511853 0.173891 0.0316202 0.0532425 11
0 0.39942 0.155328 0.0349215 0.0579669 12
