0 0.398475 0.041034 0.0344381 0.0511176 1
0 0.662364 0.105693 0.0326278 0.0587827 2
0 0.573566 0.0996768 0.032946 0.0589456 3
0 0.302813 0.0355216 0.0356611 0.0537348 4
0 0.613913 0.184215 0.0328337 0.0497657 5
0 0.466966 0.0919055 0.0343886 0.0609261 6
0 0.745843 0.130754 0.0304985 0.0569762 7
0 0.303166 0.156685 0.0357064 0.0575659 8
0 0.702289 0.188962 0.0317213 0.0489972 9
0 0.615346 0.0492906 0.0321799 0.0476618 10
0 0.511683 0.174228 0.0317564 0.0533312 11
0 0.399294 0.155526 0.0351768 0.0580628 12
