0 0.398434 0.0409758 0.0344903 0.0512742 1
0 0.662362 0.105639 0.0326287 0.0587542 2
0 0.573524 0.0997377 0.0328588 0.058785 3
0 0.302797 0.0356064 0.0356919 0.0538143 4
0 0.613886 0.18423 0.0328565 0.0498424 5
0 0.466974 0.0918626 0.0343218 0.0607597 6
0 0.745803 0.130832 0.0304804 0.0570799 7
0 0.303138 0.156644 0.035795 0.057719 8
0 0.702287 0.188951 0.0317242 0.0490078 9
0 0.615349 0.049344 0.0321793 0.0476911 10
0 0.51171 0.174175 0.0318682 0.053424 11
0 0.399262 0.155581 0.0351119 0.0579552 12
