0 0.398702 0.0408951 0.0344323 0.0511352 1
0 0.662804 0.10533 0.0329467 0.0587878 2
0 0.573969 0.0995639 0.0326324 0.0587116 3
0 0.302925 0.0354278 0.0356125 0.0535358 4
0 0.614261 0.184143 0.0328595 0.0497605 5
0 0.467181 0.0917027 0.0344418 0.0614634 6
0 0.746168 0.130463 0.0306505 0.0569852 7
0 0.30347 0.156481 0.0354861 0.0574066 8
0 0.702817 0.188666 0.0315201 0.0487733 9
0 0.6156 0.0491079 0.0321418 0.0475595 10
0 0.51204 0.173904 0.031626 0.0534255 11
0 0.399626 0.155243 0.0348697 0.0578726 12
