0 0.398305 0.0408914 0.034328 0.0513297 1
0 0.662265 0.10569 0.0325856 0.0585406 2
0 0.57357 0.0996724 0.03286 0.0587419 3
0 0.302697 0.035282 0.0356348 0.0537427 4
0 0.613978 0.184087 0.0329309 0.0500329 5
0 0.466854 0.0917585 0.0342711 0.0606205 6
0 0.745811 0.130573 0.0303896 0.0568714 7
0 0.303008 0.15658 0.0357421 0.0577588 8
0 0.702324 0.188788 0.0317288 0.0490516 9
0 0.615267 0.049039 0.0322082 0.0475558 10
0 0.511671 0.174103 0.0319462 0.0533775 11
0 0.399194 0.15548 0.0348724 0.0577848 12
