0 0.398482 0.171165 0.0350876 0.0524485 1
0 0.660549 0.23915 0.0320565 0.0593608 2
0 0.572405 0.232878 0.0331653 0.0591428 3
0 0.302192 0.165052 0.0365957 0.05532 4
0 0.612185 0.315842 0.0316582 0.0484894 5
0 0.466453 0.224859 0.0328169 0.0599865 6
0 0.744421 0.264858 0.0305961 0.0565712 7
0 0.301441 0.28686 0.03559 0.0571878 8
0 0.699753 0.321219 0.0322629 0.0464567 9
0 0.614649 0.183013 0.0322049 0.0473848 10
0 0.509661 0.306041 0.0324594 0.053531 11
0 0.397588 0.286443 0.0349806 0.0581712 12
