0 0.398491 0.0409839 0.0345222 0.0514031 1
0 0.662565 0.1057 0.0327335 0.0587409 2
0 0.573792 0.0995995 0.0327673 0.0587098 3
0 0.302816 0.0354734 0.0357014 0.0538632 4
0 0.614037 0.184193 0.0328993 0.0498521 5
0 0.467011 0.0918375 0.0344182 0.0610831 6
0 0.745997 0.130683 0.0305388 0.056928 7
0 0.303218 0.15665 0.0356263 0.057497 8
0 0.702618 0.188896 0.0317003 0.0488981 9
0 0.615379 0.0492133 0.0322349 0.0477748 10
0 0.511814 0.174086 0.0318032 0.0533678 11
0 0.399346 0.155507 0.0351127 0.05808 12
