0 0.398706 0.0408804 0.034536 0.0512903 1
0 0.662816 0.105406 0.0329205 0.0587705 2
0 0.57402 0.0995884 0.0326342 0.0587539 3
0 0.302986 0.035462 0.0356706 0.0536573 4
0 0.614235 0.184175 0.0328596 0.0497559 5
0 0.467158 0.0917726 0.0343615 0.0614143 6
0 0.746203 0.130426 0.0306887 0.0570146 7
0 0.303477 0.156481 0.0355592 0.057562 8
0 0.702744 0.188647 0.0315155 0.0487754 9
0 0.615623 0.0488581 0.0322252 0.0477393 10
0 0.512056 0.173923 0.0316432 0.0534524 11
0 0.399599 0.155286 0.0349457 0.0580571 12
