0 0.398362 0.0408908 0.0344661 0.0510553 1
0 0.662244 0.105857 0.032751 0.0589933 2
0 0.573377 0.0997083 0.0328981 0.0585876 3
0 0.302703 0.0354949 0.0357293 0.0539862 4
0 0.613896 0.184167 0.0329095 0.049897 5
0 0.466915 0.0916984 0.0342998 0.0606654 6
0 0.745807 0.13075 0.030448 0.0569453 7
0 0.303115 0.15652 0.0357073 0.0575405 8
0 0.702274 0.188942 0.0316288 0.0489291 9
0 0.615257 0.0492289 0.0323286 0.047825 10
0 0.511634 0.173935 0.0315281 0.052948 11
0 0.399177 0.155512 0.0352102 0.0579593 12
