0 0.398702 0.0409044 0.0345518 0.0511843 1
0 0.662831 0.105433 0.0328592 0.0587447 2
0 0.573983 0.0996448 0.0326008 0.0585531 3
0 0.302925 0.0355735 0.035604 0.0535086 4
0 0.614251 0.184178 0.0328508 0.0497852 5
0 0.467133 0.0919689 0.0344318 0.0613582 6
0 0.746208 0.130498 0.0306414 0.0571219 7
0 0.303503 0.156448 0.0355106 0.0573873 8
0 0.702766 0.188746 0.0315417 0.0488096 9
0 0.615661 0.0491256 0.0319604 0.0473851 10
0 0.512074 0.173934 0.0316905 0.0534688 11
0 0.399626 0.155266 0.0349059 0.0579098 12
