0 0.398643 0.0407971 0.0345031 0.0511974 1
0 0.662623 0.105467 0.0328944 0.0589194 2
0 0.573926 0.0993449 0.0327343 0.0587433 3
0 0.302874 0.0353813 0.0356647 0.0537236 4
0 0.614153 0.184135 0.0329728 0.0498681 5
0 0.467022 0.0918592 0.034287 0.0609652 6
0 0.745985 0.13023 0.0305905 0.0570778 7
0 0.303411 0.156303 0.0356272 0.0575549 8
0 0.702678 0.188403 0.0316954 0.0489478 9
0 0.61549 0.0489684 0.0322019 0.0475793 10
0 0.511887 0.173854 0.0316325 0.0532914 11
0 0.399474 0.15527 0.0349785 0.0580074 12
