0 0.398563 0.0408739 0.034376 0.05121 1
0 0.662605 0.1056 0.0327651 0.0588049 2
0 0.573808 0.0995024 0.0328535 0.0589229 3
0 0.302932 0.03558 0.0356525 0.0536831 4
0 0.614087 0.184199 0.0329851 0.0500367 5
0 0.467041 0.0918104 0.0344086 0.0611928 6
0 0.746056 0.130586 0.0306317 0.0571737 7
0 0.303275 0.156617 0.0355757 0.0574705 8
0 0.702637 0.188824 0.0316967 0.0489253 9
0 0.615423 0.0491573 0.0323231 0.0479216 10
0 0.511818 0.174084 0.0317251 0.0532943 11
0 0.399428 0.155465 0.035274 0.0581819 12
