0 0.557451 0.841625 0.0308403 0.0556029 14
0 0.344676 0.809319 0.0343418 0.0588336 15
0 0.249102 0.7951 0.0358083 0.0607824 16
0 0.511601 0.891003 0.0333604 0.0588446 17
0 0.598615 0.906544 0.0310565 0.0566694 18
0 0.407958 0.873998 0.0330744 0.0612678 19
0 0.676589 0.938206 0.029876 0.0514404 20
0 0.334445 0.922938 0.0349125 0.0470358 21
0 0.238778 0.913638 0.035754 0.0457955 22
0 0.444195 0.948422 0.0328479 0.0393399 23
0 0.544265 0.967217 0.0348231 0.037448 24
0 0.629373 0.979458 0.0335212 0.0347932 25
