0 0.398273 0.0409252 0.0343603 0.0512273 1
0 0.662249 0.10568 0.0326002 0.0584339 2
0 0.573568 0.0996337 0.0330114 0.0588283 3
0 0.302553 0.0353645 0.0355334 0.0535588 4
0 0.613908 0.184194 0.032977 0.0500805 5
0 0.466858 0.0917662 0.0342857 0.0605664 6
0 0.745849 0.130637 0.0304384 0.0568062 7
0 0.303017 0.156588 0.0357119 0.0577037 8
0 0.702319 0.188842 0.0316937 0.0489314 9
0 0.615178 0.0490765 0.0323247 0.0476823 10
0 0.511579 0.173977 0.0318752 0.0534413 11
0 0.399152 0.155564 0.0349996 0.0579247 12
