0 0.3986 0.041078 0.0344829 0.0511276 1
0 0.662562 0.105669 0.0327024 0.0587016 2
0 0.573763 0.0996576 0.032739 0.0589722 3
0 0.302834 0.0356158 0.035671 0.0536639 4
0 0.614064 0.184271 0.0329022 0.0498393 5
0 0.467041 0.0919971 0.0343969 0.0610484 6
0 0.745965 0.130813 0.0306214 0.0570203 7
0 0.303354 0.156682 0.0356174 0.0575036 8
0 0.702532 0.188997 0.0316689 0.04894 9
0 0.615511 0.04927 0.0321857 0.0477009 10
0 0.511914 0.174233 0.0317102 0.0531451 11
0 0.399473 0.155508 0.0351541 0.0580371 12
