0 0.568122 0.813634 0.0324211 0.0584699 14
0 0.353277 0.789186 0.0339287 0.0594156 15
0 0.25778 0.780349 0.0355688 0.0598222 16
0 0.5219 0.863234 0.0340614 0.0592303 17
0 0.609946 0.874784 0.0320254 0.0582719 18
0 0.417096 0.849796 0.032901 0.0596475 19
0 0.689261 0.903119 0.0299714 0.0541317 20
0 0.345758 0.903711 0.0347937 0.0468531 21
0 0.250378 0.899403 0.0354181 0.0461349 22
0 0.456316 0.925292 0.0332473 0.0399488 23
0 0.556493 0.938479 0.0331364 0.0352649 24
0 0.642 0.948151 0.0331019 0.0342588 25
