0 0.398356 0.0408328 0.0344027 0.0511467 1
0 0.662251 0.105576 0.0326049 0.0586525 2
0 0.573424 0.0996544 0.0328446 0.0585009 3
0 0.302775 0.0353308 0.0356683 0.0536069 4
0 0.613883 0.184106 0.0328026 0.0498291 5
0 0.466872 0.0916024 0.0343165 0.0607194 6
0 0.745744 0.130555 0.0304776 0.0572481 7
0 0.303108 0.156408 0.0356648 0.0573699 8
0 0.702293 0.188787 0.031674 0.0488205 9
0 0.615177 0.0491993 0.032093 0.0474093 10
0 0.511524 0.173951 0.0317837 0.0533766 11
0 0.399171 0.155243 0.0351847 0.0579256 12
