0 0.398419 0.040866 0.0344333 0.0511368 1
0 0.662304 0.105631 0.0326099 0.0586046 2
0 0.573494 0.0996469 0.0327765 0.0585427 3
0 0.302721 0.0354095 0.035618 0.0534669 4
0 0.613916 0.184131 0.0328228 0.0498088 5
0 0.466917 0.0915882 0.0343915 0.0609358 6
0 0.745866 0.130543 0.0303334 0.0568339 7
0 0.303152 0.156521 0.0356631 0.0574323 8
0 0.702387 0.18884 0.031692 0.0489093 9
0 0.615233 0.0492706 0.0321857 0.047523 10
0 0.511597 0.173993 0.0317037 0.0533322 11
0 0.399229 0.155334 0.0350749 0.0577923 12
