0 0.398542 0.0410183 0.0344616 0.0514202 1
0 0.662483 0.105668 0.0328729 0.0590991 2
0 0.573759 0.0996706 0.032877 0.0587895 3
0 0.302879 0.0355776 0.0354775 0.053776 4
0 0.61404 0.184248 0.0329713 0.0499857 5
0 0.467085 0.0919515 0.0345486 0.0611551 6
0 0.746061 0.130619 0.0307573 0.0571583 7
0 0.303261 0.156731 0.0355729 0.0574814 8
0 0.702518 0.188859 0.0318241 0.0490447 9
0 0.615412 0.0492403 0.0324186 0.0479553 10
0 0.511819 0.174213 0.0317503 0.0532652 11
0 0.399427 0.155584 0.0350534 0.0581539 12
