0 0.398708 0.0408019 0.0345749 0.0511842 1
0 0.66284 0.105492 0.0328716 0.0587599 2
0 0.573974 0.0995456 0.0326674 0.0586592 3
0 0.302964 0.0355075 0.035621 0.053537 4
0 0.614242 0.184152 0.0328593 0.0497923 5
0 0.467073 0.0918345 0.0343797 0.0612879 6
0 0.746186 0.130516 0.0305815 0.0569654 7
0 0.303491 0.156448 0.0354987 0.0574101 8
0 0.702748 0.188781 0.0315942 0.0488371 9
0 0.615623 0.0490538 0.0321592 0.0476865 10
0 0.5121 0.173976 0.0316608 0.0533869 11
0 0.399585 0.155199 0.0350056 0.0580715 12
