0 0.398527 0.0408784 0.0345548 0.0513283 1
0 0.662577 0.105463 0.032689 0.0586797 2
0 0.573768 0.0994026 0.0326278 0.0584639 3
0 0.302837 0.0353198 0.0356487 0.0535908 4
0 0.614099 0.184073 0.0328537 0.0498478 5
0 0.466999 0.0917736 0.0342771 0.0609365 6
0 0.746025 0.130391 0.0303549 0.0567798 7
0 0.303318 0.156381 0.0356673 0.0575478 8
0 0.702606 0.188545 0.0316096 0.0488729 9
0 0.615463 0.0489918 0.0321576 0.0475561 10
0 0.511904 0.173815 0.031647 0.0532535 11
0 0.399445 0.155298 0.0350583 0.0579925 12
