0 0.398532 0.0409443 0.0345415 0.0514368 1
0 0.662518 0.105627 0.0327179 0.0586935 2
0 0.573741 0.0995524 0.0327836 0.0587112 3
0 0.302816 0.0355137 0.0356258 0.0537424 4
0 0.614032 0.184194 0.0328811 0.0498281 5
0 0.466981 0.0918517 0.0344914 0.0612083 6
0 0.746027 0.130813 0.0305393 0.0569162 7
0 0.303198 0.1566 0.0356191 0.0574982 8
0 0.702535 0.188927 0.0318058 0.0491025 9
0 0.61541 0.0492338 0.0322542 0.0477944 10
0 0.511833 0.174103 0.0318048 0.0533785 11
0 0.399315 0.155439 0.0351032 0.0580259 12
