0 0.398602 0.0410458 0.0345063 0.051216 1
0 0.662616 0.105517 0.032722 0.0586371 2
0 0.57377 0.0997717 0.0325566 0.0585831 3
0 0.302979 0.0355784 0.0356642 0.0536946 4
0 0.614148 0.184068 0.032988 0.0500022 5
0 0.467025 0.0918756 0.0343703 0.0610448 6
0 0.746012 0.130654 0.0306924 0.0571001 7
0 0.303412 0.156666 0.0355783 0.0573959 8
0 0.702594 0.188948 0.0316506 0.048907 9
0 0.615593 0.0491213 0.0320055 0.0475877 10
0 0.511984 0.174095 0.0317758 0.0532251 11
0 0.399447 0.155485 0.0350436 0.0578863 12
