0 0.398269 0.0409058 0.0344364 0.0514481 1
0 0.66222 0.105681 0.0326374 0.0587229 2
0 0.57343 0.0996329 0.0329412 0.059047 3
0 0.302648 0.0353754 0.035734 0.0538742 4
0 0.613815 0.184204 0.0328692 0.0499293 5
0 0.466895 0.0918907 0.0343219 0.06076 6
0 0.745678 0.130674 0.0304182 0.05722 7
0 0.302995 0.156591 0.0357224 0.0576054 8
0 0.702192 0.188885 0.0318028 0.0490607 9
0 0.615162 0.0493393 0.0323121 0.0477457 10
0 0.511452 0.1741 0.0317952 0.0533942 11
0 0.399154 0.155463 0.0352731 0.0581704 12
