0 0.39837 0.0408681 0.0345043 0.0512588 1
0 0.662322 0.10565 0.0326096 0.0586299 2
0 0.573524 0.0995904 0.0328951 0.0587032 3
0 0.302831 0.0354165 0.0356444 0.053525 4
0 0.613941 0.184141 0.0328664 0.0499209 5
0 0.466915 0.0916769 0.0343708 0.0608981 6
0 0.745826 0.130508 0.0304696 0.0572349 7
0 0.303143 0.15645 0.0356788 0.0574598 8
0 0.702377 0.18879 0.0317061 0.0489342 9
0 0.615293 0.0492468 0.0322403 0.0476187 10
0 0.511602 0.173916 0.0317242 0.0534002 11
0 0.399265 0.155308 0.0351284 0.0579213 12
