0 0.398685 0.0408655 0.0345284 0.0512459 1
0 0.662811 0.105306 0.03289 0.0587298 2
0 0.57398 0.0995416 0.0326691 0.0587361 3
0 0.302915 0.0354586 0.0356008 0.0534761 4
0 0.614256 0.184125 0.0328249 0.0497125 5
0 0.467178 0.0917289 0.0344718 0.0614773 6
0 0.746232 0.130358 0.0305121 0.0568009 7
0 0.30346 0.156463 0.0355439 0.0574358 8
0 0.702735 0.188656 0.0315239 0.0488063 9
0 0.615587 0.0489719 0.0321584 0.04765 10
0 0.512075 0.173983 0.0316744 0.053476 11
0 0.39959 0.155234 0.03493 0.0579429 12
