0 0.398577 0.0408437 0.0343399 0.0511112 1
0 0.662587 0.105613 0.0327925 0.0588036 2
0 0.573751 0.0995764 0.0328795 0.0588229 3
0 0.302899 0.0356085 0.0356647 0.0537487 4
0 0.614048 0.184222 0.032989 0.0500081 5
0 0.46703 0.0917621 0.0344702 0.0611592 6
0 0.746069 0.130587 0.0306229 0.0571114 7
0 0.303228 0.156593 0.0355757 0.0574343 8
0 0.702624 0.188898 0.0317574 0.049005 9
0 0.615384 0.0492053 0.0323501 0.0479022 10
0 0.511826 0.174032 0.0317587 0.0532925 11
0 0.39936 0.15551 0.035202 0.0581072 12
