0 0.398595 0.0411152 0.0345074 0.0512204 1
0 0.662463 0.105491 0.0327175 0.0588414 2
0 0.573661 0.0997417 0.0327794 0.0589293 3
0 0.302892 0.0355267 0.0357337 0.0538139 4
0 0.614037 0.184248 0.0328947 0.0497812 5
0 0.467018 0.0918611 0.034402 0.061019 6
0 0.745882 0.130841 0.0306 0.0571987 7
0 0.303301 0.15668 0.0356159 0.0573661 8
0 0.702387 0.189008 0.0317029 0.0489634 9
0 0.615452 0.0493138 0.032188 0.0477534 10
0 0.511775 0.174146 0.0317014 0.0532803 11
0 0.399384 0.155621 0.0351713 0.057956 12
