0 0.398703 0.0408995 0.0345333 0.0511951 1
0 0.662839 0.105411 0.0328612 0.0587372 2
0 0.57401 0.0995947 0.032574 0.0585287 3
0 0.302944 0.0355363 0.0356035 0.0535288 4
0 0.614239 0.184165 0.0328449 0.0497727 5
0 0.467135 0.0919235 0.0344686 0.0614327 6
0 0.746215 0.130438 0.030617 0.0571147 7
0 0.303503 0.156467 0.0355214 0.0574014 8
0 0.702772 0.188735 0.031542 0.0488296 9
0 0.615664 0.0490866 0.0319652 0.0474013 10
0 0.512074 0.173939 0.0316797 0.053476 11
0 0.39962 0.155281 0.0349031 0.0579122 12
