0 0.398326 0.0409634 0.0343931 0.0512887 1
0 0.662256 0.10577 0.0326223 0.0586816 2
0 0.573454 0.0997216 0.0328734 0.0588304 3
0 0.302687 0.0356379 0.035574 0.0536424 4
0 0.613863 0.184324 0.0327856 0.0498329 5
0 0.466945 0.0918831 0.034407 0.0608594 6
0 0.745701 0.130822 0.0305137 0.0571266 7
0 0.303059 0.156626 0.035677 0.0573697 8
0 0.702195 0.189047 0.031735 0.0489978 9
0 0.615185 0.0494617 0.0322929 0.0478194 10
0 0.51153 0.174213 0.0318606 0.0532877 11
0 0.399182 0.155648 0.035206 0.0580813 12
