0 0.398574 0.0407943 0.0345476 0.0514342 1
0 0.66246 0.105646 0.0327479 0.0587686 2
0 0.57366 0.0995787 0.032767 0.0587514 3
0 0.302843 0.0354 0.0357082 0.0537169 4
0 0.614006 0.184131 0.0329146 0.0498869 5
0 0.466955 0.0919257 0.0343602 0.061183 6
0 0.745876 0.130638 0.0305574 0.0568407 7
0 0.303228 0.15662 0.0355631 0.0573998 8
0 0.702454 0.18896 0.0317404 0.0489676 9
0 0.615374 0.0492742 0.0322412 0.0478596 10
0 0.511722 0.174052 0.0317142 0.0533799 11
0 0.399338 0.155418 0.0350657 0.0580212 12
