0 0.39845 0.0408899 0.0345553 0.0514891 1
0 0.662386 0.10568 0.032632 0.0586988 2
0 0.573542 0.0995918 0.0327615 0.0586738 3
0 0.302794 0.0353628 0.0358101 0.0539035 4
0 0.613915 0.184197 0.0328624 0.0499564 5
0 0.466928 0.0918934 0.0343446 0.0610567 6
0 0.745841 0.130719 0.0305415 0.0569319 7
0 0.303123 0.156594 0.0356775 0.0575265 8
0 0.702339 0.188931 0.0317008 0.0489294 9
0 0.615275 0.0492964 0.0323306 0.0478707 10
0 0.511618 0.174174 0.031721 0.0532714 11
0 0.399251 0.155497 0.0352045 0.0581527 12
