0 0.398318 0.0408477 0.0343406 0.0513062 1
0 0.662275 0.105546 0.0327991 0.0588867 2
0 0.573533 0.0995689 0.0329961 0.0588209 3
0 0.302565 0.0354611 0.0356018 0.0536939 4
0 0.613863 0.184163 0.0329719 0.050065 5
0 0.466865 0.091764 0.0344994 0.0610182 6
0 0.745827 0.130777 0.0305182 0.0571007 7
0 0.303023 0.156524 0.0356802 0.0576407 8
0 0.702287 0.188811 0.0317617 0.0490731 9
0 0.615188 0.0490913 0.0324973 0.0480108 10
0 0.511597 0.174049 0.0319265 0.053382 11
0 0.399176 0.155466 0.0351754 0.0582743 12
