0 0.398597 0.0408693 0.0345395 0.0513772 1
0 0.662619 0.105499 0.032895 0.058947 2
0 0.573876 0.0996814 0.0327218 0.058741 3
0 0.302915 0.0354873 0.0356746 0.0536054 4
0 0.614131 0.184142 0.0329479 0.0498728 5
0 0.467037 0.0917537 0.0343355 0.0612182 6
0 0.746127 0.130525 0.0307465 0.0571749 7
0 0.303349 0.156483 0.035598 0.0575819 8
0 0.702612 0.188591 0.0316688 0.0489503 9
0 0.615426 0.0490352 0.0322785 0.0478912 10
0 0.511921 0.173922 0.0316207 0.0533002 11
0 0.399444 0.155366 0.0350646 0.0581992 12
