0 0.398357 0.0409337 0.0343966 0.0512983 1
0 0.6624 0.105625 0.03273 0.0587597 2
0 0.573592 0.0995282 0.0330178 0.0588821 3
0 0.302727 0.0355686 0.0355942 0.0536037 4
0 0.61395 0.184148 0.0329195 0.0499465 5
0 0.46692 0.0918174 0.0345665 0.0610543 6
0 0.745876 0.130629 0.0304901 0.0570185 7
0 0.303111 0.156598 0.0356001 0.0574581 8
0 0.702352 0.188846 0.0317061 0.0489819 9
0 0.615292 0.0491873 0.0323139 0.0477418 10
0 0.511645 0.174188 0.0318 0.0532397 11
0 0.399285 0.155475 0.0351123 0.0581086 12
