0 0.398546 0.0408712 0.0345634 0.051527 1
0 0.662613 0.105624 0.0327479 0.0587633 2
0 0.573883 0.0995702 0.0326065 0.0584268 3
0 0.302894 0.0355787 0.0357504 0.0538587 4
0 0.614079 0.18422 0.0329021 0.0498863 5
0 0.467042 0.0918373 0.0343667 0.0610874 6
0 0.746074 0.130749 0.030579 0.0570835 7
0 0.303274 0.156675 0.03553 0.0573913 8
0 0.702635 0.188887 0.0317299 0.0489732 9
0 0.615423 0.0491141 0.0322632 0.047818 10
0 0.511901 0.174079 0.031784 0.0533767 11
0 0.399467 0.155511 0.0351655 0.057976 12
