0 0.398435 0.0410131 0.0345781 0.0515698 1
0 0.662359 0.105622 0.0327042 0.058706 2
0 0.573668 0.0994854 0.0328518 0.058873 3
0 0.302662 0.0353914 0.0355958 0.0536994 4
0 0.61397 0.184125 0.0329307 0.049979 5
0 0.466969 0.0917936 0.0343679 0.0608258 6
0 0.74596 0.130686 0.0305239 0.0570377 7
0 0.303125 0.15654 0.0357563 0.0576601 8
0 0.702518 0.188829 0.0317575 0.0489551 9
0 0.615258 0.0490881 0.03221 0.0477186 10
0 0.511709 0.174053 0.0318598 0.0533028 11
0 0.399298 0.155439 0.035038 0.0581095 12
