0 0.398514 0.0409936 0.0344017 0.0513162 1
0 0.66245 0.105733 0.0328033 0.0589014 2
0 0.573714 0.0996296 0.032972 0.0588498 3
0 0.302846 0.0355536 0.0354893 0.053694 4
0 0.614039 0.184206 0.0329368 0.0499157 5
0 0.467026 0.0919186 0.0346138 0.0612173 6
0 0.746008 0.130656 0.0305476 0.0570187 7
0 0.303193 0.156668 0.035569 0.0574889 8
0 0.702447 0.188837 0.0317739 0.0490014 9
0 0.615348 0.0492181 0.0323966 0.0478996 10
0 0.511718 0.174226 0.0318067 0.0533528 11
0 0.39935 0.155544 0.0351073 0.0582436 12
