0 0.398705 0.0408935 0.0344684 0.0510098 1
0 0.662768 0.105457 0.0328274 0.0586603 2
0 0.573928 0.0994513 0.032525 0.0583484 3
0 0.302924 0.0355113 0.035518 0.0533767 4
0 0.614241 0.184101 0.0328971 0.0498506 5
0 0.467084 0.0918908 0.0344089 0.0613519 6
0 0.746185 0.13054 0.0306807 0.0571456 7
0 0.303464 0.156475 0.0355715 0.0575401 8
0 0.702727 0.188717 0.0315917 0.0488089 9
0 0.615603 0.0489818 0.0319557 0.0473215 10
0 0.511996 0.173927 0.0316794 0.0534276 11
0 0.399634 0.15525 0.0348988 0.0579067 12
