0 0.398564 0.0410406 0.0344757 0.0511487 1
0 0.662423 0.105684 0.0326684 0.0587901 2
0 0.573688 0.0996506 0.0328643 0.0590768 3
0 0.302864 0.0355663 0.0356774 0.0537068 4
0 0.613966 0.184244 0.0328564 0.0497359 5
0 0.466987 0.0919461 0.0344076 0.0610189 6
0 0.745871 0.130773 0.0305884 0.0571954 7
0 0.303274 0.15668 0.0356692 0.0574791 8
0 0.702404 0.188998 0.0316969 0.0489404 9
0 0.61543 0.0493348 0.0321886 0.0477613 10
0 0.51176 0.174228 0.0317065 0.0532738 11
0 0.399391 0.155519 0.0351959 0.058037 12
