0 0.398534 0.0409094 0.0345095 0.0513131 1
0 0.662584 0.105479 0.0326374 0.0583934 2
0 0.573805 0.0996079 0.0328207 0.0589084 3
0 0.302905 0.0353734 0.0356538 0.0535386 4
0 0.614084 0.184171 0.0329009 0.0497588 5
0 0.466933 0.0916656 0.0343465 0.0612638 6
0 0.746005 0.130533 0.0306564 0.056997 7
0 0.303319 0.156574 0.0355784 0.0575449 8
0 0.702557 0.188738 0.031586 0.0488081 9
0 0.615469 0.0490456 0.0322168 0.047763 10
0 0.511883 0.173859 0.0316427 0.053252 11
0 0.399386 0.155363 0.0349255 0.0578668 12
