0 0.398526 0.0408696 0.03453 0.0513 1
0 0.66255 0.10549 0.0327097 0.0586959 2
0 0.573777 0.0994111 0.0326032 0.0584486 3
0 0.302848 0.0353565 0.0356363 0.0535803 4
0 0.614135 0.184063 0.0328532 0.0498092 5
0 0.466963 0.0917336 0.0343316 0.0610637 6
0 0.746068 0.130464 0.0304187 0.0568877 7
0 0.303314 0.156386 0.035667 0.0575604 8
0 0.702615 0.188591 0.0315689 0.0487879 9
0 0.615458 0.0490417 0.0321731 0.0475956 10
0 0.5119 0.173851 0.0316855 0.0533241 11
0 0.399486 0.155312 0.0349977 0.057901 12
