0 0.39597 0.376682 0.0346087 0.0543656 1
0 0.657943 0.44255 0.032132 0.0587531 2
0 0.56971 0.436683 0.0323075 0.0583625 3
0 0.300708 0.372942 0.0350835 0.0557887 4
0 0.609261 0.516854 0.0319564 0.0470872 5
0 0.463813 0.430481 0.0330377 0.0599894 6
0 0.741256 0.46494 0.0307997 0.0559763 7
0 0.299421 0.492996 0.0345601 0.0522812 8
0 0.696293 0.520808 0.0328518 0.0458794 9
0 0.612323 0.385368 0.0316117 0.0511215 10
0 0.507009 0.508887 0.0314483 0.0497224 11
0 0.395125 0.491487 0.0344944 0.0546202 12
