0 0.39833 0.0409212 0.0344599 0.0512168 1
0 0.662252 0.105653 0.0326622 0.0587007 2
0 0.573398 0.0995269 0.0328714 0.0585289 3
0 0.3027 0.0353013 0.0355251 0.0533961 4
0 0.613888 0.184093 0.032876 0.0498873 5
0 0.466953 0.0916519 0.0342658 0.0606801 6
0 0.745777 0.130529 0.0303744 0.0570702 7
0 0.303108 0.156434 0.0357399 0.0575106 8
0 0.702317 0.188805 0.0316263 0.048702 9
0 0.615191 0.0490741 0.0322227 0.0475652 10
0 0.511492 0.173941 0.0317734 0.0534765 11
0 0.399178 0.155251 0.0352273 0.0580563 12
