0 0.398712 0.0408568 0.0345066 0.0510769 1
0 0.662717 0.105437 0.0327875 0.0586927 2
0 0.573914 0.0993496 0.0325019 0.0583285 3
0 0.302895 0.0355332 0.0354866 0.0534905 4
0 0.614203 0.184093 0.0329929 0.049881 5
0 0.467073 0.0918166 0.0345374 0.0614645 6
0 0.746156 0.130545 0.0305555 0.0569704 7
0 0.303442 0.156496 0.0356166 0.0575182 8
0 0.70272 0.188618 0.0315463 0.048687 9
0 0.615609 0.0489627 0.0319348 0.0472756 10
0 0.511965 0.173913 0.0317286 0.0534242 11
0 0.399606 0.155213 0.0349314 0.0579007 12
