0 0.398344 0.0409464 0.034375 0.0512944 1
0 0.662254 0.105844 0.032653 0.0587742 2
0 0.573458 0.0996765 0.0329114 0.058897 3
0 0.302709 0.0356585 0.0356296 0.0537594 4
0 0.613839 0.184291 0.032861 0.0499747 5
0 0.466903 0.0919131 0.0344794 0.0610125 6
0 0.745726 0.130833 0.0305852 0.0572756 7
0 0.303041 0.156604 0.0357437 0.0575148 8
0 0.702199 0.188977 0.0317779 0.0490397 9
0 0.615201 0.0494144 0.0324256 0.0479781 10
0 0.511523 0.174207 0.0318032 0.0532075 11
0 0.39919 0.155635 0.0351481 0.0579989 12
