0 0.398429 0.0409869 0.0344247 0.0512066 1
0 0.662352 0.105655 0.0326334 0.0587061 2
0 0.573522 0.0997485 0.0328258 0.0587164 3
0 0.302778 0.0355912 0.03568 0.0537689 4
0 0.613887 0.184235 0.032827 0.0497877 5
0 0.466957 0.0918501 0.0343354 0.060793 6
0 0.745794 0.130799 0.0304962 0.0571234 7
0 0.303154 0.156643 0.035832 0.0576974 8
0 0.702284 0.188971 0.0317164 0.0489543 9
0 0.615335 0.049347 0.0322243 0.0477051 10
0 0.511675 0.174149 0.031881 0.0534015 11
0 0.399262 0.155541 0.0350868 0.0579691 12
