0 0.398591 0.0410801 0.034486 0.0511919 1
0 0.662611 0.105595 0.0328433 0.0588571 2
0 0.573767 0.0997342 0.0326887 0.0588077 3
0 0.302912 0.0355914 0.0357074 0.0537551 4
0 0.614148 0.18401 0.0329493 0.049955 5
0 0.467065 0.0919112 0.0343873 0.0610743 6
0 0.746011 0.130696 0.0305286 0.0567838 7
0 0.303379 0.156703 0.0355866 0.0574088 8
0 0.702635 0.188919 0.0316338 0.0488753 9
0 0.615565 0.0491252 0.0319973 0.0475476 10
0 0.512003 0.174146 0.031771 0.053185 11
0 0.399425 0.155535 0.0350919 0.057978 12
