0 0.398447 0.0409369 0.0346336 0.0514442 1
0 0.662331 0.10579 0.0326632 0.0587378 2
0 0.573533 0.0995728 0.0328735 0.0586409 3
0 0.302757 0.0354974 0.0357319 0.0536773 4
0 0.613949 0.184238 0.0329744 0.0500992 5
0 0.46689 0.0916755 0.0344118 0.0609694 6
0 0.74586 0.130551 0.0304964 0.057308 7
0 0.303158 0.156364 0.0357024 0.0574958 8
0 0.702368 0.188834 0.0318033 0.0490745 9
0 0.615303 0.0493386 0.0323868 0.0478415 10
0 0.511653 0.173864 0.0317548 0.0534621 11
0 0.399289 0.155287 0.0351744 0.058004 12
