0 0.578627 0.854421 0.0313209 0.0541183 14
0 0.363747 0.847434 0.0365 0.0579288 15
0 0.267662 0.844488 0.0373007 0.0595295 16
0 0.534475 0.909516 0.036822 0.0581783 17
0 0.620912 0.914789 0.0334827 0.0556791 18
0 0.429453 0.903212 0.0362366 0.0608101 19
0 0.702251 0.936864 0.0319209 0.0504742 20
0 0.358718 0.962663 0.0434746 0.0483503 21
0 0.262314 0.965039 0.0427286 0.0458493 22
0 0.469634 0.975862 0.0445487 0.0428715 23
0 0.571035 0.982526 0.0385611 0.0349476 24
0 0.656966 0.983752 0.0341699 0.0324965 25
