0 0.398426 0.0409671 0.034429 0.0511844 1
0 0.662412 0.105685 0.0327615 0.0590063 2
0 0.573583 0.0996083 0.0328662 0.0588252 3
0 0.302783 0.0355946 0.0356513 0.0537511 4
0 0.613903 0.184212 0.0329015 0.0499159 5
0 0.466992 0.0918669 0.0344382 0.0610031 6
0 0.745859 0.130734 0.0305528 0.0572644 7
0 0.303115 0.156628 0.0357363 0.0575965 8
0 0.702322 0.188896 0.0317388 0.0490256 9
0 0.615326 0.0492964 0.0323823 0.0480061 10
0 0.511658 0.174219 0.0318742 0.0534488 11
0 0.399252 0.155612 0.0350569 0.0578881 12
