0 0.398482 0.041015 0.0345241 0.0514125 1
0 0.662485 0.105695 0.032716 0.0587125 2
0 0.573776 0.0995971 0.0327476 0.0587435 3
0 0.302801 0.0354844 0.035683 0.0538544 4
0 0.614038 0.184211 0.0329076 0.0498591 5
0 0.466994 0.0919018 0.0343731 0.0609802 6
0 0.746022 0.130681 0.0305369 0.0569105 7
0 0.303206 0.156639 0.0356228 0.0575229 8
0 0.702608 0.188853 0.0317134 0.0489304 9
0 0.615371 0.0491992 0.0322454 0.0477912 10
0 0.511811 0.174077 0.0317979 0.0533888 11
0 0.39934 0.155492 0.0350709 0.0580843 12
