0 0.398713 0.0408843 0.0345175 0.0510247 1
0 0.662732 0.10545 0.0328234 0.0586787 2
0 0.573912 0.0994319 0.0325695 0.0584555 3
0 0.302914 0.0355006 0.0355037 0.0533949 4
0 0.614192 0.184101 0.0329387 0.0498757 5
0 0.467102 0.0918727 0.0344123 0.0613302 6
0 0.746155 0.130519 0.0306534 0.0570774 7
0 0.303466 0.156487 0.0355737 0.057526 8
0 0.702722 0.188617 0.031528 0.0486779 9
0 0.615605 0.048979 0.031933 0.047264 10
0 0.512006 0.173915 0.0316994 0.0534462 11
0 0.399634 0.155248 0.0349121 0.0578945 12
