0 0.396217 0.355399 0.0349688 0.05474 1
0 0.658274 0.421317 0.0325322 0.0597145 2
0 0.570063 0.415456 0.0323505 0.0584459 3
0 0.301049 0.351349 0.0358784 0.0569144 4
0 0.609713 0.496057 0.0322064 0.0477756 5
0 0.463983 0.408642 0.0327464 0.0595357 6
0 0.741386 0.444317 0.0310003 0.0563759 7
0 0.299733 0.471547 0.0343464 0.0520533 8
0 0.696595 0.500232 0.0334226 0.0467646 9
0 0.612628 0.364414 0.0320208 0.0515185 10
0 0.507253 0.48701 0.0310852 0.0493371 11
0 0.395565 0.469957 0.0340698 0.0542821 12
