0 0.398291 0.0408551 0.0343631 0.0512855 1
0 0.662251 0.105601 0.0327399 0.0587379 2
0 0.573508 0.0996343 0.03299 0.0587454 3
0 0.302569 0.0354407 0.0354951 0.0534943 4
0 0.613899 0.184151 0.0329296 0.0499745 5
0 0.466899 0.0918136 0.0345099 0.0609736 6
0 0.745793 0.130667 0.0304903 0.0570079 7
0 0.302993 0.156583 0.0356288 0.0575835 8
0 0.702266 0.18882 0.0317426 0.0490333 9
0 0.615185 0.0491207 0.0324017 0.0477975 10
0 0.511545 0.17407 0.0318907 0.0533933 11
0 0.399172 0.155411 0.0351591 0.0582345 12
