0 0.398449 0.0409464 0.0344244 0.0513594 1
0 0.662464 0.105729 0.0326944 0.0587132 2
0 0.573696 0.0995399 0.0327999 0.0584612 3
0 0.302789 0.0355045 0.0355676 0.0537667 4
0 0.61404 0.184231 0.0328707 0.0497785 5
0 0.46699 0.0919305 0.0344431 0.0608538 6
0 0.745911 0.130681 0.0304853 0.0569639 7
0 0.303238 0.156647 0.0356225 0.0575505 8
0 0.702466 0.18895 0.0317212 0.0489291 9
0 0.615282 0.0491501 0.0322392 0.0476278 10
0 0.511756 0.174251 0.0317688 0.0532566 11
0 0.399307 0.155567 0.0350027 0.0579765 12
