0 0.395928 0.461815 0.0335347 0.052334 1
0 0.656869 0.525347 0.0318623 0.0573741 2
0 0.568944 0.520719 0.0321786 0.0576847 3
0 0.299975 0.457977 0.0353317 0.0567834 4
0 0.608037 0.599405 0.0314745 0.045049 5
0 0.462387 0.515587 0.0330943 0.0600212 6
0 0.739279 0.548272 0.0314192 0.0574028 7
0 0.298501 0.578317 0.0343785 0.0525993 8
0 0.695353 0.603357 0.0322944 0.0447314 9
0 0.611104 0.46739 0.0314033 0.051407 10
0 0.505662 0.592561 0.0316902 0.049422 11
0 0.394071 0.576371 0.0343478 0.0546954 12
