0 0.56451 0.816744 0.0307009 0.0555441 14
0 0.350014 0.789449 0.0336586 0.0592985 15
0 0.255008 0.778181 0.0359951 0.060196 16
0 0.518251 0.866474 0.0337258 0.0592079 17
0 0.605848 0.880338 0.0309532 0.0564746 18
0 0.413515 0.850802 0.0335222 0.0603899 19
0 0.684653 0.910047 0.0296261 0.0524698 20
0 0.341592 0.903648 0.0348587 0.0469335 21
0 0.245881 0.897695 0.0349527 0.0461993 22
0 0.452368 0.92744 0.0333902 0.0405997 23
0 0.552034 0.941303 0.0329894 0.0358661 24
0 0.637165 0.953877 0.0338535 0.0348332 25
