0 0.398285 0.0409418 0.0344534 0.0515236 1
0 0.662296 0.105624 0.0326599 0.0586933 2
0 0.573624 0.0995804 0.0329 0.058843 3
0 0.302522 0.0352938 0.0355203 0.0535655 4
0 0.613936 0.184095 0.0328886 0.0499605 5
0 0.466861 0.0917052 0.0343403 0.0607378 6
0 0.745886 0.130659 0.0304391 0.0569765 7
0 0.303036 0.156549 0.0357204 0.0577168 8
0 0.70235 0.188826 0.0317081 0.0490088 9
0 0.615227 0.0491127 0.0322903 0.0476848 10
0 0.511663 0.174055 0.0319686 0.0534218 11
0 0.399156 0.155396 0.0351228 0.0582103 12
