0 0.39827 0.0410868 0.0344584 0.0514875 1
0 0.662241 0.105791 0.0326211 0.0586639 2
0 0.573414 0.0997955 0.0328785 0.0587947 3
0 0.302649 0.03546 0.0356822 0.0538877 4
0 0.613844 0.18423 0.0329339 0.0500472 5
0 0.466918 0.0918702 0.0345088 0.0610882 6
0 0.745673 0.130847 0.0304927 0.0571744 7
0 0.302976 0.156603 0.0357553 0.0576362 8
0 0.702132 0.189047 0.0317891 0.0490056 9
0 0.61518 0.0493818 0.0322882 0.0477214 10
0 0.511453 0.174144 0.03182 0.0533935 11
0 0.399174 0.155672 0.0351115 0.057942 12
