0 0.398472 0.0410727 0.0343669 0.0512682 1
0 0.662459 0.105761 0.0327539 0.0588393 2
0 0.573685 0.0996544 0.0329492 0.0587769 3
0 0.302828 0.0355838 0.0355331 0.0536719 4
0 0.614019 0.184275 0.0329414 0.0499312 5
0 0.466982 0.0919354 0.0346237 0.0611858 6
0 0.745952 0.130797 0.0306498 0.0572478 7
0 0.303234 0.156685 0.0355235 0.0573971 8
0 0.702442 0.188923 0.0317184 0.0489348 9
0 0.615364 0.0492541 0.0323165 0.0477402 10
0 0.51178 0.174297 0.0318241 0.0533577 11
0 0.399326 0.155553 0.0351091 0.0581412 12
