0 0.39859 0.0410392 0.0344914 0.0512074 1
0 0.66262 0.105655 0.0327922 0.0587697 2
0 0.573792 0.0996753 0.0327479 0.0589564 3
0 0.302862 0.0355723 0.0356512 0.0536823 4
0 0.614127 0.184131 0.0328626 0.0498139 5
0 0.467042 0.0920063 0.0344043 0.0610983 6
0 0.74604 0.130654 0.0306879 0.0571448 7
0 0.303374 0.15668 0.0356518 0.0575264 8
0 0.702603 0.188887 0.03165 0.0489165 9
0 0.615556 0.0491794 0.0321002 0.0477079 10
0 0.511959 0.174201 0.0317485 0.0531538 11
0 0.399462 0.15547 0.0351685 0.0581077 12
