0 0.398477 0.0409854 0.0345302 0.0514282 1
0 0.662432 0.105678 0.0327482 0.0587703 2
0 0.573725 0.0995441 0.0327503 0.0587685 3
0 0.302702 0.0353959 0.0356637 0.0538301 4
0 0.614004 0.184132 0.0329707 0.0499464 5
0 0.466972 0.0919141 0.0344028 0.0610022 6
0 0.745987 0.130669 0.0305447 0.0569399 7
0 0.303162 0.156596 0.0356443 0.0575375 8
0 0.702557 0.188795 0.0317313 0.0489103 9
0 0.615339 0.0491563 0.0322358 0.0477637 10
0 0.511757 0.174058 0.0318198 0.0533548 11
0 0.39931 0.155472 0.0350214 0.0580386 12
