0 0.397109 0.253538 0.0346886 0.0541374 1
0 0.659521 0.32083 0.0323944 0.0599143 2
0 0.571259 0.314434 0.0329678 0.0596903 3
0 0.301581 0.248515 0.036693 0.0562515 4
0 0.610816 0.396187 0.032228 0.0483723 5
0 0.465397 0.306693 0.0329227 0.0599191 6
0 0.743119 0.344616 0.0310257 0.0568216 7
0 0.300454 0.36967 0.0357138 0.0561859 8
0 0.698451 0.401003 0.0341987 0.0468497 9
0 0.613971 0.263953 0.0327334 0.0499715 10
0 0.508643 0.387521 0.0318179 0.0517773 11
0 0.396782 0.369001 0.0348064 0.0573357 12
