0 0.398504 0.12971 0.0356779 0.0532709 1
0 0.661228 0.197564 0.0316969 0.0589659 2
0 0.572886 0.191393 0.032948 0.0588663 3
0 0.302677 0.123968 0.0358886 0.0538406 4
0 0.612772 0.274935 0.032465 0.0506455 5
0 0.466781 0.182634 0.0329855 0.0602313 6
0 0.745065 0.223331 0.0307769 0.057126 7
0 0.301917 0.24572 0.0357627 0.0582779 8
0 0.700815 0.279895 0.0320017 0.0484671 9
0 0.61505 0.141436 0.0322602 0.0478706 10
0 0.510248 0.264268 0.0323124 0.0530776 11
0 0.398276 0.245664 0.0356973 0.0589058 12
