0 0.398298 0.0408885 0.0344426 0.0514661 1
0 0.662196 0.105623 0.0326306 0.0587139 2
0 0.573422 0.0996445 0.0328953 0.0589577 3
0 0.302681 0.0355057 0.0356402 0.0537133 4
0 0.61382 0.184191 0.0327692 0.0497764 5
0 0.466879 0.0918252 0.0343259 0.0607782 6
0 0.745662 0.130657 0.0304998 0.0573451 7
0 0.302993 0.15659 0.0357025 0.0575768 8
0 0.702175 0.188881 0.031743 0.0489577 9
0 0.615222 0.0493476 0.0323095 0.047728 10
0 0.511459 0.174085 0.0318364 0.0534505 11
0 0.399161 0.155415 0.0352702 0.0581656 12
