0 0.398436 0.0409819 0.0344316 0.0512173 1
0 0.66237 0.105746 0.0326926 0.0588275 2
0 0.573566 0.0996964 0.0328186 0.058734 3
0 0.302769 0.0356095 0.0356901 0.0537799 4
0 0.613897 0.184244 0.0328498 0.0498286 5
0 0.46697 0.0919247 0.0345861 0.0612768 6
0 0.745759 0.130847 0.0305091 0.0571903 7
0 0.303173 0.156616 0.0357315 0.057497 8
0 0.702277 0.188935 0.0317535 0.0490111 9
0 0.615278 0.0494417 0.0324185 0.0479949 10
0 0.511646 0.174279 0.0318469 0.053337 11
0 0.399252 0.155584 0.0352056 0.0581991 12
