0 0.398341 0.0408142 0.0345789 0.0512659 1
0 0.662208 0.105678 0.0326124 0.0587298 2
0 0.573398 0.0997828 0.032677 0.0581686 3
0 0.302665 0.0354605 0.0355768 0.0537571 4
0 0.613882 0.184139 0.0328782 0.0498422 5
0 0.466883 0.0916995 0.0343636 0.0608051 6
0 0.745803 0.130687 0.0306509 0.0573509 7
0 0.303074 0.156585 0.0356831 0.057497 8
0 0.702273 0.188952 0.031601 0.0488812 9
0 0.615296 0.0491917 0.032109 0.0474798 10
0 0.511538 0.174024 0.0316765 0.0531772 11
0 0.399217 0.155335 0.0351962 0.057927 12
