0 0.398464 0.0409958 0.0344213 0.051378 1
0 0.662496 0.105598 0.0326093 0.0585278 2
0 0.573671 0.0996288 0.032883 0.0586243 3
0 0.302818 0.0355629 0.0357328 0.0540506 4
0 0.614035 0.184203 0.0328679 0.0497917 5
0 0.467057 0.091905 0.0344406 0.0608647 6
0 0.745925 0.13074 0.0304514 0.0568768 7
0 0.303257 0.156677 0.0356596 0.0576297 8
0 0.70248 0.188958 0.0317097 0.0488961 9
0 0.615276 0.0491244 0.0322551 0.0476477 10
0 0.511752 0.17408 0.0317571 0.0532294 11
0 0.399247 0.155582 0.0349743 0.0579176 12
