0 0.398718 0.0408813 0.0345442 0.0511376 1
0 0.662819 0.105456 0.0328691 0.0587439 2
0 0.573995 0.0995094 0.0325186 0.0583602 3
0 0.302928 0.0355595 0.0355818 0.0534761 4
0 0.614241 0.184172 0.0328681 0.0498117 5
0 0.467133 0.0919683 0.0344059 0.0613228 6
0 0.746219 0.130484 0.0306201 0.0570355 7
0 0.303502 0.156442 0.0354872 0.0573762 8
0 0.702764 0.188754 0.0315741 0.0488217 9
0 0.615665 0.049137 0.031899 0.0472627 10
0 0.512058 0.173954 0.0316744 0.0534291 11
0 0.399616 0.155255 0.0349026 0.0578979 12
