0 0.565645 0.81494 0.0312831 0.0569144 14
0 0.35109 0.788657 0.0338489 0.059588 15
0 0.255885 0.777963 0.0357898 0.0597365 16
0 0.519467 0.864099 0.0340113 0.05949 17
0 0.607307 0.877429 0.0311319 0.0569207 18
0 0.414544 0.849486 0.0331735 0.0598667 19
0 0.686213 0.907091 0.0299109 0.0535942 20
0 0.342744 0.902712 0.0348852 0.0469504 21
0 0.247221 0.897084 0.0349282 0.0462798 22
0 0.453794 0.925973 0.032458 0.0392418 23
0 0.553305 0.940101 0.0333015 0.0360953 24
0 0.638793 0.95095 0.0332943 0.0339176 25
