0 0.398298 0.0409441 0.0343424 0.0512429 1
0 0.66225 0.105655 0.0326767 0.0585916 2
0 0.573473 0.0995791 0.0331002 0.0589544 3
0 0.302541 0.035466 0.0355865 0.0536347 4
0 0.613908 0.184143 0.0329535 0.0500317 5
0 0.4669 0.0917999 0.0345572 0.0610765 6
0 0.745787 0.130673 0.0305228 0.0570668 7
0 0.302997 0.156533 0.0356987 0.0577036 8
0 0.702286 0.188876 0.0317075 0.0489567 9
0 0.615197 0.0491355 0.0323865 0.0477731 10
0 0.511556 0.174078 0.031897 0.053451 11
0 0.399178 0.155414 0.0351579 0.0582427 12
