0 0.39867 0.0407906 0.0345808 0.0512144 1
0 0.662766 0.105457 0.0328589 0.0588248 2
0 0.573911 0.0994073 0.032795 0.0589401 3
0 0.302918 0.0353776 0.0356087 0.0537677 4
0 0.614198 0.184154 0.0329288 0.0497337 5
0 0.467073 0.0917556 0.0344157 0.0611747 6
0 0.746133 0.130509 0.0304902 0.0569233 7
0 0.303444 0.15643 0.0355772 0.0574655 8
0 0.702747 0.188602 0.0316342 0.0488063 9
0 0.615623 0.0489827 0.0321283 0.0475776 10
0 0.512001 0.173917 0.0316965 0.0532919 11
0 0.399568 0.155134 0.0351101 0.0582371 12
