0 0.398606 0.04108 0.0344768 0.0511171 1
0 0.662577 0.105655 0.032752 0.058797 2
0 0.573802 0.0996522 0.0326963 0.0588862 3
0 0.302903 0.0356609 0.0356776 0.0536843 4
0 0.614091 0.184311 0.0329273 0.0498818 5
0 0.467072 0.0919919 0.0344289 0.0611123 6
0 0.746058 0.130766 0.0306045 0.0570058 7
0 0.303389 0.15663 0.0355932 0.0574644 8
0 0.70253 0.188902 0.0316447 0.0488991 9
0 0.615486 0.0492498 0.0323045 0.0478929 10
0 0.511877 0.174208 0.0317243 0.0531888 11
0 0.399495 0.155577 0.0351459 0.0580103 12
