0 0.398287 0.0408435 0.0343357 0.0513132 1
0 0.662265 0.105559 0.0327258 0.0587402 2
0 0.573541 0.0995878 0.0330065 0.0588325 3
0 0.302585 0.0354521 0.0356325 0.0537496 4
0 0.613884 0.184142 0.0329318 0.050001 5
0 0.466853 0.0917617 0.0344768 0.0609556 6
0 0.745842 0.130702 0.0305347 0.0571421 7
0 0.303011 0.156502 0.0356622 0.0576133 8
0 0.702278 0.18879 0.0317264 0.0490344 9
0 0.615205 0.0490875 0.0324624 0.047968 10
0 0.511588 0.174019 0.0319201 0.0533965 11
0 0.399174 0.155453 0.0352075 0.0583283 12
