0 0.398377 0.040894 0.0343315 0.0511629 1
0 0.662226 0.105832 0.0325933 0.0586101 2
0 0.573462 0.099739 0.032794 0.0586487 3
0 0.302708 0.0356901 0.0356553 0.0537731 4
0 0.613832 0.184279 0.0328198 0.0498885 5
0 0.466939 0.0919343 0.034519 0.0610926 6
0 0.745692 0.130839 0.0305398 0.0572359 7
0 0.303033 0.156637 0.0356768 0.0573665 8
0 0.702188 0.188948 0.0317823 0.0490939 9
0 0.615185 0.0493622 0.0323705 0.0479368 10
0 0.511534 0.174231 0.0317832 0.0531761 11
0 0.399195 0.155615 0.0351761 0.0580321 12
