0 0.398631 0.0410917 0.0344838 0.0511448 1
0 0.662587 0.1055 0.0327486 0.0587716 2
0 0.57377 0.0998043 0.0327145 0.0588062 3
0 0.302864 0.0357221 0.0357753 0.0537949 4
0 0.614078 0.184261 0.0328662 0.0497629 5
0 0.467059 0.0918475 0.0343974 0.0611189 6
0 0.745998 0.130791 0.0306603 0.0569675 7
0 0.303422 0.156719 0.0356313 0.0574942 8
0 0.702587 0.188946 0.0316566 0.0489231 9
0 0.615548 0.04932 0.032115 0.0476267 10
0 0.511951 0.174269 0.031798 0.0531387 11
0 0.399463 0.155587 0.0350791 0.057927 12
