0 0.398457 0.0408659 0.034514 0.0514671 1
0 0.662305 0.105622 0.0327166 0.0589537 2
0 0.573507 0.099625 0.0329582 0.058927 3
0 0.302715 0.0354028 0.0357851 0.0539348 4
0 0.613887 0.184145 0.0329491 0.0500741 5
0 0.466933 0.091818 0.0342876 0.0608314 6
0 0.745744 0.130642 0.0306339 0.0573084 7
0 0.30306 0.156594 0.0357178 0.0576392 8
0 0.702245 0.1888 0.0317144 0.0489679 9
0 0.615203 0.0491967 0.0323764 0.0478228 10
0 0.511537 0.174193 0.031557 0.0531159 11
0 0.399195 0.155513 0.0351662 0.0580799 12
