0 0.398618 0.0408723 0.0345586 0.0513806 1
0 0.662625 0.105486 0.0329163 0.058947 2
0 0.573884 0.0996787 0.03272 0.058802 3
0 0.302918 0.0355335 0.0357183 0.0536956 4
0 0.614142 0.184158 0.032983 0.0499153 5
0 0.46703 0.09174 0.0343421 0.0612362 6
0 0.74613 0.130527 0.0307939 0.0571926 7
0 0.303347 0.15646 0.0355894 0.0575679 8
0 0.702638 0.188578 0.0316529 0.0489293 9
0 0.615437 0.0490278 0.0322786 0.0478553 10
0 0.511927 0.173914 0.031565 0.0532686 11
0 0.399477 0.155354 0.0350805 0.0581391 12
