0 0.399093 0.0799562 0.0344764 0.050585 1
0 0.662093 0.146766 0.0317653 0.0599775 2
0 0.573852 0.13837 0.0327094 0.0593607 3
0 0.302732 0.0748822 0.0364904 0.0530706 4
0 0.613093 0.225455 0.0333422 0.0519409 5
0 0.467113 0.132854 0.033706 0.0624758 6
0 0.745675 0.172822 0.0317595 0.0598083 7
0 0.302727 0.196663 0.0365682 0.0595062 8
0 0.701984 0.229626 0.032015 0.0499603 9
0 0.616012 0.0912997 0.0322732 0.0499428 10
0 0.511279 0.214179 0.0321575 0.0534872 11
0 0.399085 0.19634 0.0361414 0.0592337 12
