0 0.398694 0.0409014 0.0345328 0.0513043 1
0 0.662749 0.105342 0.0329959 0.0589859 2
0 0.573953 0.0996267 0.0327579 0.0590116 3
0 0.30301 0.0354012 0.0356564 0.0536379 4
0 0.614235 0.184179 0.0329941 0.0499763 5
0 0.467112 0.0917367 0.034321 0.0612897 6
0 0.746199 0.130431 0.0307199 0.057127 7
0 0.30344 0.156491 0.0355855 0.0575825 8
0 0.702714 0.188522 0.0316173 0.0489612 9
0 0.615544 0.0488184 0.0322473 0.0477799 10
0 0.512026 0.173966 0.0316051 0.0533695 11
0 0.399561 0.155402 0.0349477 0.0580585 12
