0 0.398285 0.0408353 0.0344084 0.051159 1
0 0.662215 0.105602 0.0325902 0.0586218 2
0 0.57342 0.0995608 0.0329183 0.0586131 3
0 0.302738 0.0353201 0.0355787 0.05356 4
0 0.613884 0.184072 0.0328437 0.0498938 5
0 0.466866 0.0916011 0.0343146 0.060792 6
0 0.745784 0.130577 0.0304502 0.0571677 7
0 0.303086 0.156454 0.0356428 0.0573946 8
0 0.702285 0.188761 0.0315863 0.0487241 9
0 0.615191 0.0491148 0.0321364 0.0475714 10
0 0.511532 0.173987 0.0317554 0.0533601 11
0 0.399173 0.155204 0.0352803 0.0581082 12
