0 0.398277 0.0409299 0.03444 0.0514671 1
0 0.662212 0.105706 0.0326255 0.0586862 2
0 0.573418 0.0996672 0.0329707 0.0590177 3
0 0.302643 0.0353865 0.0356968 0.0538635 4
0 0.613822 0.184211 0.0328731 0.0499329 5
0 0.466907 0.0918797 0.0343444 0.0607675 6
0 0.745685 0.130674 0.0304402 0.0571443 7
0 0.302986 0.156602 0.0357477 0.057637 8
0 0.702174 0.188894 0.0317975 0.0490723 9
0 0.615186 0.0493402 0.0322844 0.0477558 10
0 0.511457 0.174132 0.0317782 0.0533743 11
0 0.39916 0.155511 0.0352782 0.058198 12
