0 0.398594 0.0407346 0.0345761 0.0513122 1
0 0.662646 0.105411 0.0327756 0.058683 2
0 0.573863 0.0993021 0.0326165 0.0585071 3
0 0.303 0.0353383 0.0357384 0.0538569 4
0 0.614139 0.184075 0.032906 0.0497467 5
0 0.467023 0.0917969 0.0343519 0.0610942 6
0 0.746012 0.130328 0.0305422 0.0569991 7
0 0.303385 0.156361 0.0356497 0.0576036 8
0 0.702667 0.188528 0.0316511 0.0488785 9
0 0.615495 0.0489116 0.032178 0.0475471 10
0 0.511895 0.173839 0.0316623 0.053342 11
0 0.399476 0.15525 0.034982 0.0580176 12
