0 0.398382 0.040995 0.0343767 0.051206 1
0 0.66228 0.105769 0.0326024 0.0585944 2
0 0.573468 0.0998247 0.0327827 0.0585978 3
0 0.302755 0.0356828 0.0357464 0.0538979 4
0 0.61388 0.18425 0.0327676 0.0497483 5
0 0.466893 0.0918255 0.0344235 0.0609342 6
0 0.745753 0.130805 0.0305036 0.05709 7
0 0.303092 0.156577 0.0357335 0.0574606 8
0 0.702196 0.189034 0.0316898 0.0489207 9
0 0.615245 0.0494629 0.0321631 0.0475927 10
0 0.511629 0.174126 0.0319406 0.0534503 11
0 0.399213 0.155537 0.0352896 0.0582475 12
