0 0.398342 0.0408556 0.0344314 0.0510964 1
0 0.662181 0.105635 0.0325974 0.0587043 2
0 0.573368 0.0996981 0.0327021 0.0581881 3
0 0.302623 0.0353939 0.0354718 0.0535539 4
0 0.613887 0.184065 0.0328563 0.049815 5
0 0.466925 0.0916111 0.0344312 0.0609789 6
0 0.745794 0.13069 0.0304895 0.0571632 7
0 0.303073 0.156525 0.0356753 0.0574813 8
0 0.702276 0.188835 0.0315649 0.0487932 9
0 0.615268 0.0491535 0.0321607 0.04756 10
0 0.511547 0.173954 0.0318099 0.0533763 11
0 0.399174 0.155234 0.0352009 0.0579007 12
