0 0.398282 0.0408624 0.0343528 0.0512668 1
0 0.66223 0.105802 0.0326356 0.0586966 2
0 0.573412 0.0996972 0.0329281 0.0589426 3
0 0.30262 0.0355221 0.0356359 0.0537828 4
0 0.613829 0.184286 0.0329465 0.0500479 5
0 0.466918 0.0919473 0.0344494 0.0609616 6
0 0.745696 0.130789 0.0305393 0.0573187 7
0 0.302979 0.156607 0.0356214 0.0574141 8
0 0.702132 0.188876 0.0318067 0.0490739 9
0 0.615153 0.0493791 0.0323788 0.0478663 10
0 0.511496 0.174169 0.0317705 0.0533184 11
0 0.39918 0.155598 0.0351901 0.0580785 12
