0 0.398414 0.0408572 0.0344126 0.0510996 1
0 0.662293 0.105627 0.0326179 0.0586523 2
0 0.573521 0.0996536 0.0328195 0.0586294 3
0 0.302733 0.0354024 0.0356428 0.053522 4
0 0.613929 0.184092 0.0327925 0.0497596 5
0 0.466908 0.0916145 0.034407 0.060963 6
0 0.745864 0.130524 0.0303343 0.0569044 7
0 0.303148 0.156531 0.0356731 0.0574323 8
0 0.70239 0.188827 0.031657 0.0488589 9
0 0.615259 0.0492277 0.0321576 0.0474797 10
0 0.511585 0.173967 0.0316957 0.0533429 11
0 0.399217 0.155279 0.0351266 0.0578978 12
