0 0.559055 0.833052 0.0311693 0.0560847 14
0 0.346003 0.802122 0.0341215 0.0589766 15
0 0.250606 0.788959 0.0360209 0.0614306 16
0 0.513603 0.88331 0.033049 0.0583716 17
0 0.600039 0.898265 0.0309469 0.0565611 18
0 0.409429 0.865968 0.0333798 0.061195 19
0 0.678648 0.93015 0.0293128 0.0506943 20
0 0.336185 0.916454 0.0355105 0.0479459 21
0 0.240326 0.90759 0.0353812 0.0454472 22
0 0.446528 0.941449 0.0315705 0.0380113 23
0 0.5462 0.958867 0.0329301 0.0351691 24
0 0.630859 0.971209 0.032094 0.032945 25
