0 0.398634 0.0410741 0.0345336 0.0512315 1
0 0.662631 0.1056 0.032839 0.0589379 2
0 0.573856 0.0997187 0.0327853 0.0589674 3
0 0.302958 0.0356932 0.035726 0.0537183 4
0 0.61412 0.184276 0.0329384 0.0498855 5
0 0.46711 0.0920013 0.0343854 0.061128 6
0 0.746136 0.130772 0.0307022 0.0570775 7
0 0.303409 0.156642 0.03571 0.0576374 8
0 0.702573 0.188862 0.0316674 0.0489501 9
0 0.61552 0.0492562 0.0322119 0.0477824 10
0 0.511914 0.174248 0.0317891 0.053155 11
0 0.399521 0.155518 0.0351297 0.0580183 12
