0 0.398628 0.0410873 0.0344721 0.0511664 1
0 0.662528 0.105648 0.0327285 0.0587871 2
0 0.573686 0.0998236 0.032653 0.0587076 3
0 0.302811 0.0357961 0.0357129 0.0538102 4
0 0.614077 0.184213 0.0329016 0.0498196 5
0 0.467032 0.091911 0.0345433 0.0612989 6
0 0.745908 0.130848 0.0305049 0.0569018 7
0 0.303367 0.15665 0.0356607 0.0574667 8
0 0.702455 0.18899 0.0316909 0.0489392 9
0 0.615492 0.0493112 0.0320095 0.0474564 10
0 0.511842 0.174241 0.0315528 0.0530298 11
0 0.399449 0.155537 0.035106 0.0578781 12
