0 0.398485 0.0409883 0.0343929 0.051324 1
0 0.662441 0.105603 0.0326672 0.0586339 2
0 0.573745 0.0997666 0.0328854 0.058676 3
0 0.302852 0.0355864 0.0355695 0.0538614 4
0 0.614052 0.184261 0.0328291 0.0497049 5
0 0.466943 0.0918727 0.0344944 0.061002 6
0 0.746029 0.130645 0.0304423 0.0566717 7
0 0.303222 0.156624 0.0356129 0.0575702 8
0 0.702483 0.188809 0.0317549 0.0489476 9
0 0.615314 0.0492055 0.0321969 0.047577 10
0 0.511809 0.17412 0.0317331 0.0531931 11
0 0.399291 0.155567 0.0349275 0.0579324 12
