0 0.577622 0.844227 0.0308099 0.0538799 14
0 0.362499 0.835584 0.0368991 0.059959 15
0 0.266334 0.830966 0.0369419 0.0602479 16
0 0.533071 0.898593 0.0355264 0.0581697 17
0 0.619596 0.904873 0.0325396 0.0558418 18
0 0.428038 0.891928 0.0348345 0.0607335 19
0 0.700931 0.927762 0.0311705 0.0514574 20
0 0.357122 0.950232 0.0403385 0.0471432 21
0 0.260998 0.952228 0.0396728 0.0442062 22
0 0.468244 0.965243 0.041011 0.0417074 23
0 0.569036 0.973162 0.0411678 0.0385503 24
0 0.65523 0.9766 0.0378758 0.0367369 25
