0 0.392572 0.695415 0.0351897 0.0576768 1
0 0.65386 0.754127 0.0319899 0.058348 2
0 0.565856 0.751319 0.0319195 0.057473 3
0 0.297265 0.696732 0.0361653 0.0602118 4
0 0.604635 0.827409 0.031852 0.0436119 5
0 0.459653 0.748145 0.033108 0.0593819 6
0 0.736467 0.775752 0.0292198 0.0540638 7
0 0.295556 0.815885 0.0341374 0.0499751 8
0 0.692233 0.828358 0.0310206 0.0425209 9
0 0.608417 0.696098 0.0320926 0.0532656 10
0 0.50268 0.822709 0.0316743 0.0475336 11
0 0.391609 0.811904 0.0343953 0.0530912 12
