0 0.398617 0.0410873 0.0345644 0.0513201 1
0 0.662466 0.105469 0.0325981 0.0585798 2
0 0.57366 0.09983 0.0327851 0.0589435 3
0 0.30287 0.0356055 0.0357194 0.0537986 4
0 0.614052 0.184299 0.0328742 0.0497523 5
0 0.467013 0.09196 0.0344203 0.0610317 6
0 0.745821 0.130842 0.030542 0.0570586 7
0 0.303337 0.156566 0.0356899 0.0574697 8
0 0.702447 0.18891 0.0316887 0.048947 9
0 0.615438 0.0493951 0.0321297 0.0476592 10
0 0.511793 0.174154 0.0316511 0.053196 11
0 0.399417 0.155525 0.0351588 0.0579323 12
