0 0.398651 0.041055 0.0345385 0.0512449 1
0 0.662654 0.105595 0.0328386 0.0589222 2
0 0.573877 0.0996106 0.0328232 0.059083 3
0 0.303002 0.0356484 0.0357398 0.0537918 4
0 0.614158 0.184258 0.0329643 0.0499565 5
0 0.467091 0.0919849 0.0344003 0.0611056 6
0 0.746132 0.130803 0.0307634 0.0571525 7
0 0.303395 0.156599 0.0356793 0.0576047 8
0 0.702656 0.188832 0.0316716 0.0489317 9
0 0.615551 0.0491907 0.0322698 0.0479203 10
0 0.511977 0.1742 0.0318468 0.0533158 11
0 0.39951 0.155449 0.0351764 0.0581649 12
