0 0.398762 0.0408974 0.0345264 0.0512728 1
0 0.662829 0.105382 0.0330406 0.0589921 2
0 0.574018 0.0995827 0.0327467 0.0589554 3
0 0.303081 0.0354868 0.0357717 0.0537944 4
0 0.614309 0.184135 0.0329525 0.049915 5
0 0.467209 0.0917677 0.0344654 0.0615411 6
0 0.746185 0.130454 0.0306962 0.0570797 7
0 0.303472 0.156517 0.0355769 0.0575785 8
0 0.70276 0.188571 0.0315682 0.0488693 9
0 0.615593 0.0490531 0.0322428 0.0477254 10
0 0.51203 0.173964 0.0316053 0.0533923 11
0 0.399623 0.155363 0.0349481 0.0580327 12
