0 0.39873 0.0409633 0.0345942 0.0512316 1
0 0.662868 0.105506 0.0329835 0.0590038 2
0 0.573998 0.0995606 0.0326418 0.058644 3
0 0.302942 0.0356303 0.0357281 0.0536946 4
0 0.61432 0.184214 0.0329674 0.0499737 5
0 0.467115 0.0919181 0.0344311 0.0613653 6
0 0.746256 0.130666 0.0307933 0.0574118 7
0 0.303513 0.156415 0.035538 0.0574501 8
0 0.702749 0.188734 0.031606 0.0488886 9
0 0.615641 0.0492291 0.0321428 0.0476632 10
0 0.512062 0.17391 0.0316519 0.0533937 11
0 0.399606 0.155246 0.035038 0.0581495 12
