0 0.398728 0.0408393 0.0345228 0.0511779 1
0 0.662796 0.105397 0.0328955 0.0588913 2
0 0.574011 0.0991544 0.0327709 0.0588408 3
0 0.303026 0.0353277 0.0357211 0.0538947 4
0 0.614193 0.184116 0.0330338 0.0498968 5
0 0.467085 0.0918977 0.0343393 0.0610239 6
0 0.745998 0.130514 0.0304837 0.0569412 7
0 0.303427 0.156349 0.0354808 0.0573058 8
0 0.702728 0.188435 0.0316116 0.0487534 9
0 0.615628 0.0491995 0.0321208 0.0475447 10
0 0.51201 0.173842 0.0316227 0.0531704 11
0 0.399573 0.15527 0.0350508 0.0581063 12
