0 0.398582 0.0408595 0.0344813 0.0512132 1
0 0.662579 0.105474 0.0328058 0.0588267 2
0 0.573811 0.0994637 0.0328353 0.0589325 3
0 0.30296 0.0353096 0.0357119 0.0537109 4
0 0.614136 0.184116 0.0329408 0.0499224 5
0 0.46696 0.0917485 0.0344217 0.0612316 6
0 0.746047 0.130391 0.0305243 0.0570522 7
0 0.303378 0.156419 0.0356983 0.0576355 8
0 0.702683 0.188526 0.0316053 0.0488134 9
0 0.615451 0.0489014 0.0321577 0.0474786 10
0 0.511917 0.173899 0.0316103 0.0532278 11
0 0.399445 0.155261 0.0350456 0.0580266 12
