0 0.398489 0.0407979 0.0345604 0.0515239 1
0 0.662456 0.105579 0.0327115 0.0587655 2
0 0.573609 0.0996867 0.0328409 0.0588534 3
0 0.30285 0.0355301 0.0357331 0.0537503 4
0 0.613953 0.184167 0.0329071 0.0499742 5
0 0.466963 0.0918732 0.0343155 0.0610091 6
0 0.745847 0.130794 0.0305749 0.056948 7
0 0.30317 0.156694 0.035731 0.0576782 8
0 0.702368 0.189002 0.0317577 0.0490028 9
0 0.615373 0.0494424 0.0321826 0.0476862 10
0 0.511624 0.174065 0.031724 0.0533251 11
0 0.399342 0.15542 0.0351247 0.0580418 12
