0 0.398471 0.0409175 0.0345968 0.0515667 1
0 0.662372 0.105711 0.0327355 0.0589091 2
0 0.573624 0.0996366 0.0328728 0.058877 3
0 0.302758 0.0355216 0.035706 0.0537303 4
0 0.613912 0.184207 0.0329582 0.0500956 5
0 0.466901 0.0917957 0.0343451 0.0610151 6
0 0.745756 0.130753 0.0306601 0.0572618 7
0 0.303175 0.156505 0.0357723 0.0576603 8
0 0.702285 0.188949 0.0319142 0.0493196 9
0 0.615319 0.0494796 0.0322617 0.0477692 10
0 0.511611 0.174048 0.0317842 0.0534119 11
0 0.399266 0.155451 0.0352387 0.0581866 12
