0 0.398715 0.0516673 0.033417 0.0496057 1
0 0.662621 0.117919 0.0323908 0.0584544 2
0 0.573905 0.110892 0.0328625 0.0589359 3
0 0.302974 0.0463391 0.0360358 0.0536536 4
0 0.613637 0.196222 0.0334797 0.0513142 5
0 0.467188 0.103549 0.0343848 0.0618288 6
0 0.745822 0.142885 0.0309752 0.0574321 7
0 0.303094 0.167314 0.0360399 0.0583437 8
0 0.702846 0.200883 0.032464 0.0500329 9
0 0.616103 0.0624427 0.0321784 0.0476131 10
0 0.511656 0.185598 0.0317484 0.0530686 11
0 0.399393 0.166982 0.0351383 0.0580454 12
