0 0.398382 0.0409754 0.034383 0.0512048 1
0 0.662283 0.105761 0.0326157 0.0586278 2
0 0.57347 0.0998288 0.0328013 0.0586275 3
0 0.302757 0.0356772 0.035759 0.0539197 4
0 0.613883 0.184244 0.0327955 0.0497749 5
0 0.4669 0.091868 0.0343935 0.0608776 6
0 0.745745 0.130816 0.0305219 0.057131 7
0 0.303099 0.156567 0.0357708 0.0575277 8
0 0.702207 0.189042 0.0317063 0.048928 9
0 0.615255 0.049493 0.0321762 0.0476048 10
0 0.511639 0.174117 0.0319302 0.05344 11
0 0.399215 0.155531 0.0352998 0.0582959 12
