0 0.398667 0.0408746 0.034495 0.0512533 1
0 0.662745 0.10534 0.0328722 0.0587596 2
0 0.573939 0.0995998 0.0326748 0.0588545 3
0 0.303006 0.0354662 0.0356797 0.0536601 4
0 0.614222 0.184061 0.0328754 0.049744 5
0 0.467073 0.0916749 0.0343735 0.0613801 6
0 0.746175 0.130369 0.0306349 0.0568823 7
0 0.303407 0.156492 0.035602 0.0576356 8
0 0.702717 0.188618 0.0315716 0.04883 9
0 0.615542 0.0487905 0.0322117 0.0476998 10
0 0.511945 0.173852 0.0316399 0.0534862 11
0 0.399497 0.15523 0.0350225 0.0581695 12
