0 0.398623 0.0410534 0.0345459 0.0512353 1
0 0.66261 0.105657 0.032779 0.0588301 2
0 0.573849 0.0996561 0.0326684 0.0587472 3
0 0.302997 0.0356889 0.0357162 0.0536982 4
0 0.614123 0.184283 0.0329065 0.0498327 5
0 0.467097 0.0920191 0.0343541 0.0610592 6
0 0.746112 0.130788 0.0306908 0.057065 7
0 0.303418 0.156659 0.035671 0.0575634 8
0 0.702551 0.188887 0.0316349 0.0489305 9
0 0.615518 0.0492469 0.0322299 0.0478037 10
0 0.511933 0.174231 0.0317599 0.0530937 11
0 0.399534 0.155548 0.035123 0.0580087 12
