0 0.563353 0.818955 0.0309018 0.055614 14
0 0.34906 0.791471 0.0338083 0.0595681 15
0 0.253719 0.779683 0.0359492 0.0601401 16
0 0.517316 0.869404 0.0334606 0.0587873 17
0 0.604663 0.88377 0.030794 0.0562458 18
0 0.41263 0.852817 0.0336286 0.0605201 19
0 0.683462 0.913597 0.0294023 0.0517852 20
0 0.340353 0.905136 0.035329 0.0477336 21
0 0.244562 0.898506 0.0345473 0.0452365 22
0 0.450745 0.929086 0.03295 0.0402848 23
0 0.550863 0.944245 0.0328941 0.0357465 24
0 0.63581 0.95662 0.0325013 0.0334532 25
