0 0.398403 0.0408826 0.0344411 0.0511184 1
0 0.662283 0.1056 0.0325962 0.0585871 2
0 0.573447 0.0996135 0.0328028 0.0584761 3
0 0.302722 0.0353942 0.0356135 0.0535153 4
0 0.613926 0.184089 0.0328757 0.0499408 5
0 0.466902 0.0916027 0.0343657 0.060859 6
0 0.745867 0.13055 0.0304666 0.0572753 7
0 0.303104 0.156482 0.0357022 0.0574916 8
0 0.702363 0.188764 0.0316976 0.0488659 9
0 0.615207 0.0492615 0.0322327 0.0475298 10
0 0.511547 0.17392 0.0317459 0.0534624 11
0 0.399205 0.15524 0.0351495 0.0579439 12
