0 0.398597 0.040941 0.0344589 0.0513475 1
0 0.662579 0.105583 0.032734 0.0586981 2
0 0.57376 0.0996217 0.0327636 0.0586387 3
0 0.302839 0.0355725 0.035689 0.0537905 4
0 0.61406 0.184163 0.0329988 0.0500317 5
0 0.467055 0.0917716 0.0344536 0.0611969 6
0 0.746046 0.130657 0.0305649 0.0569934 7
0 0.303246 0.156605 0.0355825 0.0574703 8
0 0.702608 0.188965 0.0316715 0.0488685 9
0 0.615388 0.0490712 0.0322281 0.0477223 10
0 0.511866 0.174118 0.0317667 0.0533493 11
0 0.399425 0.155534 0.0350719 0.05782 12
