0 0.398427 0.0410454 0.0344042 0.0511589 1
0 0.662355 0.105732 0.032655 0.0587798 2
0 0.573546 0.0997733 0.0328289 0.0587551 3
0 0.302781 0.0355234 0.0356704 0.0537634 4
0 0.613886 0.18424 0.0328113 0.0497602 5
0 0.466948 0.0919419 0.0343901 0.0609026 6
0 0.745759 0.130772 0.0304584 0.0570878 7
0 0.303151 0.156661 0.0357627 0.0576114 8
0 0.702285 0.189039 0.0317331 0.0489991 9
0 0.615331 0.0493924 0.0322748 0.0478113 10
0 0.511625 0.174257 0.0318377 0.0533493 11
0 0.399279 0.155528 0.035164 0.0581239 12
