0 0.3983 0.0410628 0.0344341 0.0514418 1
0 0.662245 0.105821 0.0326456 0.0587164 2
0 0.573454 0.0997049 0.0328042 0.058666 3
0 0.302629 0.0354617 0.0356702 0.0538688 4
0 0.613852 0.184275 0.032906 0.0500159 5
0 0.466899 0.0919053 0.0344279 0.0609303 6
0 0.745731 0.13077 0.0305084 0.0571857 7
0 0.302972 0.156662 0.0356682 0.0574828 8
0 0.702129 0.189037 0.0318103 0.0490469 9
0 0.615205 0.0494276 0.0322912 0.0477409 10
0 0.51147 0.174166 0.0317762 0.0532865 11
0 0.399188 0.155637 0.0351759 0.0580461 12
