0 0.398567 0.0410407 0.0344718 0.051128 1
0 0.662419 0.105697 0.0326468 0.058789 2
0 0.573666 0.0996427 0.0329546 0.0591257 3
0 0.30288 0.0355271 0.0356792 0.0537029 4
0 0.613911 0.184226 0.0328388 0.049735 5
0 0.466979 0.09192 0.0344181 0.0610256 6
0 0.745869 0.130785 0.0305688 0.0571258 7
0 0.30324 0.156653 0.0356838 0.0575318 8
0 0.702425 0.188956 0.0317026 0.0489645 9
0 0.615413 0.0493345 0.0322374 0.0477633 10
0 0.511737 0.174213 0.0317152 0.0532692 11
0 0.39939 0.155523 0.0351744 0.0580391 12
