0 0.398361 0.0409617 0.034372 0.0512043 1
0 0.662235 0.105794 0.0326729 0.0587535 2
0 0.57345 0.0997341 0.0328403 0.0587166 3
0 0.302723 0.0356099 0.0356227 0.0536869 4
0 0.613854 0.184265 0.0328612 0.049928 5
0 0.466917 0.0918983 0.0345327 0.0611453 6
0 0.745723 0.13078 0.0305557 0.0572451 7
0 0.30306 0.156617 0.035709 0.0574091 8
0 0.702197 0.188948 0.0317816 0.0490882 9
0 0.615204 0.0493899 0.0324802 0.0481195 10
0 0.511572 0.174196 0.0318158 0.0532314 11
0 0.3992 0.15563 0.0351652 0.0580213 12
