0 0.39823 0.0408423 0.0343112 0.051308 1
0 0.66227 0.105663 0.0326297 0.0585961 2
0 0.573624 0.0995678 0.0328512 0.0585934 3
0 0.302477 0.0353347 0.0355037 0.0535261 4
0 0.613925 0.184143 0.0328929 0.0499441 5
0 0.466836 0.0917013 0.0342848 0.0606046 6
0 0.745822 0.130647 0.0304552 0.0570167 7
0 0.303007 0.156528 0.0357546 0.0577586 8
0 0.702315 0.188826 0.031723 0.0490085 9
0 0.615206 0.0491334 0.0323046 0.0477114 10
0 0.511619 0.174082 0.03193 0.0533802 11
0 0.399156 0.155435 0.0351983 0.0583035 12
