0 0.398421 0.0410301 0.0345649 0.0515686 1
0 0.662351 0.105628 0.0326717 0.0586706 2
0 0.573649 0.0995003 0.0328417 0.0588248 3
0 0.302629 0.0354408 0.0356246 0.0537565 4
0 0.613961 0.184103 0.0329091 0.04995 5
0 0.46692 0.0917412 0.0343373 0.0607651 6
0 0.745924 0.130723 0.0304941 0.0570138 7
0 0.303097 0.156555 0.035761 0.0576909 8
0 0.702396 0.18883 0.0317475 0.0489664 9
0 0.615243 0.0491064 0.0322372 0.0477058 10
0 0.511711 0.174054 0.0319042 0.0533285 11
0 0.39925 0.155452 0.0350796 0.0581441 12
