0 0.39829 0.0409082 0.0344424 0.0513341 1
0 0.662269 0.10566 0.0326387 0.0585186 2
0 0.57359 0.0996119 0.033 0.0588416 3
0 0.302543 0.0353059 0.0355486 0.0535947 4
0 0.613921 0.184163 0.0329047 0.0499583 5
0 0.466862 0.0917735 0.0343004 0.0605994 6
0 0.745819 0.130611 0.0303959 0.0567398 7
0 0.303011 0.156553 0.0356988 0.0576681 8
0 0.702314 0.188864 0.0317466 0.0490159 9
0 0.615197 0.0491214 0.0322913 0.0476486 10
0 0.511569 0.174095 0.0318118 0.0533363 11
0 0.39915 0.155465 0.0351483 0.0581945 12
