0 0.398413 0.0408911 0.0345613 0.0515754 1
0 0.662286 0.105622 0.0327449 0.0589566 2
0 0.57351 0.0995506 0.0329576 0.0589752 3
0 0.302718 0.0354513 0.0358531 0.0539965 4
0 0.613852 0.184164 0.0329709 0.0501057 5
0 0.46688 0.0918257 0.0343118 0.0609099 6
0 0.745776 0.130538 0.0306026 0.0571707 7
0 0.303077 0.156589 0.0358335 0.0578238 8
0 0.702276 0.188841 0.0317036 0.0489565 9
0 0.615285 0.0492357 0.0322965 0.0477302 10
0 0.511556 0.174073 0.0317031 0.0533904 11
0 0.399197 0.155472 0.0351286 0.0580153 12
