0 0.397443 0.210008 0.0350242 0.053836 1
0 0.660131 0.277486 0.0321306 0.0592142 2
0 0.572027 0.271269 0.0332777 0.0597229 3
0 0.302002 0.204559 0.0361365 0.0547852 4
0 0.611484 0.353712 0.031916 0.0483377 5
0 0.465931 0.263406 0.0330071 0.0603219 6
0 0.744091 0.301901 0.0307018 0.056615 7
0 0.301017 0.325829 0.0355963 0.0565268 8
0 0.699043 0.358398 0.0337386 0.0467231 9
0 0.614328 0.220856 0.0325147 0.0482648 10
0 0.509223 0.344358 0.031798 0.0521415 11
0 0.397472 0.325063 0.0346784 0.0574085 12
