0 0.398608 0.0410912 0.0344922 0.051414 1
0 0.662524 0.105748 0.0327934 0.0590001 2
0 0.573793 0.0996657 0.0328376 0.0588664 3
0 0.302895 0.035643 0.0355589 0.0538497 4
0 0.614092 0.184273 0.0329397 0.0499386 5
0 0.467088 0.0920228 0.0346176 0.0614344 6
0 0.746117 0.130675 0.0307311 0.0571272 7
0 0.303295 0.156778 0.035621 0.0575951 8
0 0.702554 0.188855 0.0318306 0.0491248 9
0 0.615477 0.0493493 0.0323647 0.0479513 10
0 0.511859 0.174262 0.0317626 0.0533835 11
0 0.399439 0.155596 0.0350764 0.058115 12
