0 0.398301 0.0409546 0.0344448 0.0514895 1
0 0.662215 0.105669 0.032665 0.0587651 2
0 0.573361 0.0997464 0.0329912 0.0590396 3
0 0.302663 0.0354489 0.0356472 0.053793 4
0 0.613831 0.18419 0.0328109 0.0498289 5
0 0.466865 0.0918907 0.0343191 0.0607399 6
0 0.745668 0.130642 0.0303997 0.0570598 7
0 0.302971 0.156549 0.0357451 0.05763 8
0 0.702191 0.18887 0.0318378 0.0491262 9
0 0.615198 0.0493608 0.0322665 0.0477106 10
0 0.511439 0.174125 0.031746 0.0533367 11
0 0.399137 0.155452 0.0352303 0.0580989 12
