0 0.398709 0.0407265 0.0345865 0.0511791 1
0 0.662756 0.105426 0.0328485 0.0588195 2
0 0.573942 0.099367 0.0325484 0.0584266 3
0 0.302942 0.0354342 0.035628 0.0537049 4
0 0.614242 0.184145 0.0329612 0.0498501 5
0 0.467087 0.0916888 0.0344823 0.0613997 6
0 0.746116 0.130418 0.0304772 0.056785 7
0 0.303453 0.15654 0.0355724 0.0574728 8
0 0.70274 0.188622 0.0315941 0.0487662 9
0 0.615606 0.0489144 0.0321104 0.0475508 10
0 0.511997 0.173927 0.0316788 0.0533469 11
0 0.399588 0.155202 0.0349952 0.0580033 12
