0 0.398629 0.0409102 0.0345566 0.0513742 1
0 0.662657 0.105492 0.0327544 0.0586361 2
0 0.573877 0.0995839 0.0327153 0.0587926 3
0 0.302963 0.0354966 0.0356701 0.0536178 4
0 0.614138 0.184125 0.032904 0.0497827 5
0 0.467016 0.0917212 0.0343645 0.0612735 6
0 0.74615 0.130491 0.030693 0.0569864 7
0 0.303382 0.156483 0.0355869 0.0575806 8
0 0.702692 0.188656 0.0315375 0.0487319 9
0 0.615491 0.0489316 0.0321918 0.0477203 10
0 0.511927 0.173894 0.0316305 0.0533864 11
0 0.399452 0.15535 0.0350297 0.0580849 12
