0 0.57198 0.817504 0.0302234 0.0533506 14
0 0.356876 0.799048 0.0346809 0.059104 15
0 0.261373 0.791636 0.0355029 0.0601416 16
0 0.526813 0.869501 0.0333392 0.0583752 17
0 0.61389 0.878393 0.0315277 0.0568479 18
0 0.421538 0.858232 0.0326237 0.0610332 19
0 0.69403 0.905478 0.0299957 0.0532746 20
0 0.350587 0.913728 0.0355807 0.0466708 21
0 0.254705 0.911949 0.0358457 0.0449212 22
0 0.461111 0.93268 0.0347469 0.0404065 23
0 0.561295 0.944974 0.0342575 0.0357028 24
0 0.647164 0.952505 0.0339972 0.0353624 25
