0 0.398558 0.0410309 0.0345449 0.0514651 1
0 0.662556 0.105794 0.0327213 0.0588453 2
0 0.573814 0.0997166 0.0327799 0.0587641 3
0 0.302864 0.0356494 0.0355568 0.0538664 4
0 0.614095 0.184267 0.0328897 0.0498669 5
0 0.467032 0.0919007 0.0343811 0.0609207 6
0 0.746054 0.130627 0.0306114 0.0568014 7
0 0.303312 0.156732 0.0356405 0.0575837 8
0 0.702608 0.188905 0.0317191 0.0488709 9
0 0.615413 0.049216 0.0322206 0.0476882 10
0 0.511897 0.174292 0.0317296 0.0532806 11
0 0.399434 0.155577 0.0350183 0.0580218 12
