0 0.398602 0.0408242 0.034381 0.0509818 1
0 0.662713 0.105281 0.0327085 0.0585253 2
0 0.573825 0.0994852 0.0327243 0.058702 3
0 0.302913 0.0353771 0.0356112 0.0536473 4
0 0.614155 0.184034 0.0328933 0.0497036 5
0 0.46703 0.0916961 0.0343691 0.0610827 6
0 0.746103 0.130412 0.0304866 0.0568932 7
0 0.303385 0.156369 0.0356411 0.0576132 8
0 0.702686 0.188571 0.0315962 0.0487983 9
0 0.615488 0.0490054 0.0320589 0.0473625 10
0 0.511925 0.173862 0.031638 0.0532744 11
0 0.3995 0.155231 0.034903 0.0579084 12
