0 0.39841 0.0408894 0.0344748 0.0512147 1
0 0.662347 0.10563 0.0326801 0.05871 2
0 0.573534 0.0996399 0.0328911 0.0588493 3
0 0.302831 0.035519 0.035632 0.0535258 4
0 0.613924 0.184088 0.0328435 0.0498334 5
0 0.466965 0.0917078 0.0344056 0.0609294 6
0 0.745843 0.130616 0.0305065 0.057231 7
0 0.303151 0.15649 0.035674 0.057448 8
0 0.702387 0.188882 0.0316571 0.0488792 9
0 0.61531 0.0492174 0.0321824 0.0475751 10
0 0.511662 0.174015 0.0317662 0.0533977 11
0 0.399232 0.155313 0.0351176 0.057885 12
