0 0.398604 0.0410592 0.0344847 0.0511332 1
0 0.66259 0.105699 0.03275 0.058804 2
0 0.573784 0.0997283 0.0327412 0.0588841 3
0 0.302966 0.035623 0.0356905 0.0536528 4
0 0.614077 0.184254 0.0328872 0.0498038 5
0 0.467072 0.092012 0.0343959 0.0610794 6
0 0.746027 0.130855 0.0306127 0.0569609 7
0 0.303382 0.156707 0.0356358 0.0574899 8
0 0.702541 0.18901 0.03167 0.0489821 9
0 0.615547 0.0492668 0.0321155 0.0476377 10
0 0.511963 0.174261 0.0317294 0.0530484 11
0 0.399497 0.155512 0.0351402 0.0580577 12
