0 0.398303 0.040895 0.0344095 0.0513735 1
0 0.662247 0.105801 0.0326589 0.058733 2
0 0.573412 0.0996938 0.0329042 0.0588662 3
0 0.302647 0.0356371 0.0356606 0.0538451 4
0 0.613817 0.184289 0.0329278 0.0500234 5
0 0.466912 0.0919539 0.0344423 0.060952 6
0 0.74569 0.130713 0.0304478 0.0570868 7
0 0.302997 0.156615 0.0356719 0.0575006 8
0 0.702129 0.188882 0.0318003 0.0490485 9
0 0.615178 0.0493924 0.0323671 0.0478582 10
0 0.511489 0.174179 0.0317542 0.0532794 11
0 0.399189 0.155639 0.0351946 0.0580914 12
