0 0.398621 0.0410672 0.0345166 0.0512077 1
0 0.662622 0.105661 0.032782 0.0588292 2
0 0.573817 0.0996896 0.0327777 0.05901 3
0 0.302993 0.0355982 0.035645 0.0536458 4
0 0.614131 0.184181 0.032897 0.0498399 5
0 0.467068 0.0919916 0.0343965 0.0610881 6
0 0.746003 0.130731 0.030769 0.0571517 7
0 0.303374 0.156686 0.0356602 0.0575709 8
0 0.7026 0.188947 0.0316435 0.0488871 9
0 0.615569 0.0492054 0.0321368 0.0477258 10
0 0.511973 0.174237 0.0317872 0.0531923 11
0 0.399479 0.155492 0.035144 0.058126 12
