0 0.398452 0.0409102 0.0344518 0.0513777 1
0 0.662377 0.105516 0.0327286 0.0587818 2
0 0.573651 0.0993901 0.0328967 0.0589523 3
0 0.302696 0.035507 0.0355549 0.0536387 4
0 0.613927 0.184124 0.0329868 0.0500868 5
0 0.46696 0.091677 0.0344812 0.061053 6
0 0.746042 0.130672 0.0304695 0.056942 7
0 0.303068 0.156551 0.0357652 0.0577101 8
0 0.702399 0.188775 0.0317562 0.0489822 9
0 0.615266 0.0491075 0.0324097 0.0479753 10
0 0.511686 0.174009 0.0319342 0.0534049 11
0 0.399285 0.155374 0.0351511 0.0582811 12
