0 0.398431 0.0409868 0.0344165 0.0511564 1
0 0.662356 0.105817 0.032776 0.0589596 2
0 0.573618 0.0996198 0.0328415 0.0588284 3
0 0.302835 0.0355061 0.0356001 0.0534805 4
0 0.613958 0.184173 0.0328481 0.0498214 5
0 0.467021 0.0917476 0.0344881 0.0612153 6
0 0.745881 0.130708 0.0303556 0.0570538 7
0 0.303205 0.156529 0.0356827 0.0574807 8
0 0.702462 0.188865 0.031732 0.0489761 9
0 0.615353 0.0491319 0.0322265 0.0477076 10
0 0.51168 0.174085 0.0317357 0.0534116 11
0 0.399279 0.155333 0.0351761 0.0580497 12
