0 0.391751 0.80902 0.034745 0.0578217 1
0 0.652745 0.865019 0.0323052 0.060412 2
0 0.564398 0.864029 0.0326625 0.0599892 3
0 0.296132 0.811634 0.0347284 0.0590307 4
0 0.602847 0.939086 0.0303371 0.0400624 5
0 0.458222 0.862042 0.032786 0.0594792 6
0 0.734419 0.884293 0.0296299 0.054896 7
0 0.293643 0.932211 0.0329439 0.0466265 8
0 0.690034 0.938422 0.0303534 0.0389497 9
0 0.606918 0.808178 0.0322166 0.0554174 10
0 0.501169 0.935306 0.0306485 0.0441344 11
0 0.389685 0.926111 0.0327357 0.0489833 12
