0 0.398668 0.0408712 0.0344875 0.0512484 1
0 0.662668 0.10536 0.0327807 0.0586455 2
0 0.573865 0.0996234 0.032626 0.0586194 3
0 0.302921 0.0354912 0.0356643 0.0536087 4
0 0.614137 0.184085 0.032933 0.0498119 5
0 0.466982 0.0916132 0.0343771 0.0613124 6
0 0.746138 0.130373 0.0307529 0.0570021 7
0 0.303375 0.156471 0.0355569 0.0575523 8
0 0.702729 0.188611 0.0315618 0.0487846 9
0 0.615528 0.0490669 0.0322176 0.0477286 10
0 0.511979 0.173821 0.0316497 0.0534795 11
0 0.399511 0.155235 0.0349634 0.0579762 12
