0 0.391571 0.819758 0.0349294 0.0581879 1
0 0.652667 0.875458 0.0323318 0.0605604 2
0 0.564384 0.874702 0.0326697 0.0600681 3
0 0.295929 0.82288 0.0350758 0.0596754 4
0 0.602861 0.949516 0.0305785 0.0400274 5
0 0.458027 0.873006 0.0327169 0.0594437 6
0 0.734163 0.894622 0.0295171 0.0546301 7
0 0.293614 0.94318 0.0328612 0.0462576 8
0 0.689817 0.948481 0.0302078 0.0383368 9
0 0.606869 0.818721 0.0316608 0.0546432 10
0 0.501 0.945908 0.0305581 0.0436397 11
0 0.389537 0.936741 0.0329266 0.049102 12
