0 0.398312 0.0409467 0.03442 0.0514293 1
0 0.66224 0.105688 0.0325954 0.058634 2
0 0.573361 0.0997348 0.0329698 0.0590694 3
0 0.302652 0.0353742 0.0357547 0.0539437 4
0 0.613816 0.184191 0.0328441 0.0498835 5
0 0.466903 0.0918155 0.0343874 0.0608747 6
0 0.745709 0.13064 0.0303577 0.0570305 7
0 0.303045 0.156601 0.035753 0.057656 8
0 0.702187 0.188891 0.0318331 0.049111 9
0 0.615151 0.0493761 0.0322723 0.0476685 10
0 0.511448 0.174178 0.0317838 0.0533807 11
0 0.399187 0.155505 0.0351952 0.05804 12
