0 0.398396 0.0408543 0.0344084 0.0510662 1
0 0.662252 0.105625 0.0325516 0.058514 2
0 0.57342 0.0996426 0.0328258 0.058464 3
0 0.302739 0.0353735 0.035622 0.0535299 4
0 0.61391 0.184061 0.0328666 0.0499063 5
0 0.466917 0.091572 0.0343373 0.0608207 6
0 0.745871 0.130439 0.030356 0.0570259 7
0 0.303093 0.156464 0.0356777 0.0574512 8
0 0.702362 0.188785 0.0316572 0.048774 9
0 0.6152 0.0492038 0.0322136 0.0474889 10
0 0.511544 0.173912 0.0317302 0.0534142 11
0 0.399174 0.155264 0.0351805 0.0580162 12
