0 0.391258 0.841252 0.0348073 0.0579673 1
0 0.652302 0.896767 0.0318245 0.0595912 2
0 0.564127 0.896026 0.0322961 0.0594655 3
0 0.29555 0.844692 0.0353452 0.0602386 4
0 0.602589 0.970722 0.0324753 0.0424236 5
0 0.457846 0.894738 0.0328649 0.0599588 6
0 0.733781 0.915401 0.0292064 0.0538134 7
0 0.293489 0.964764 0.0339007 0.0475335 8
0 0.689799 0.969364 0.0312723 0.0393003 9
0 0.606702 0.839864 0.031422 0.0545593 10
0 0.500677 0.96724 0.031984 0.0455828 11
0 0.389281 0.958414 0.0339491 0.0505935 12
