0 0.398267 0.0407898 0.0343663 0.0513265 1
0 0.662225 0.105717 0.0326122 0.0587078 2
0 0.573484 0.0995644 0.032946 0.0590674 3
0 0.302638 0.0355023 0.0356768 0.0537734 4
0 0.613793 0.184263 0.0328983 0.0499935 5
0 0.466865 0.0919078 0.0342702 0.0607003 6
0 0.745687 0.130646 0.0304993 0.0573712 7
0 0.303024 0.15656 0.035643 0.0574837 8
0 0.702188 0.188825 0.0317614 0.0490063 9
0 0.615172 0.0493738 0.0323367 0.0477784 10
0 0.511492 0.174071 0.0317929 0.0533745 11
0 0.399151 0.155505 0.0352152 0.0580725 12
