0 0.398649 0.0410282 0.0345153 0.0511829 1
0 0.662609 0.105624 0.0327931 0.0588866 2
0 0.573827 0.0997067 0.0327122 0.0588295 3
0 0.302951 0.0356995 0.0356824 0.053622 4
0 0.614122 0.184281 0.0329187 0.0498567 5
0 0.4671 0.0920202 0.0344013 0.061115 6
0 0.746085 0.130785 0.0306131 0.0569992 7
0 0.303445 0.156665 0.0356513 0.0575164 8
0 0.702566 0.188919 0.0316753 0.049033 9
0 0.615519 0.049204 0.0322033 0.0477718 10
0 0.51193 0.174292 0.0316515 0.0529219 11
0 0.399513 0.155537 0.0351018 0.0579852 12
