0 0.398287 0.0407891 0.0344816 0.0512108 1
0 0.662198 0.105688 0.0326465 0.058814 2
0 0.573389 0.0996751 0.0328343 0.0584733 3
0 0.302575 0.0353088 0.035485 0.0534966 4
0 0.613822 0.184111 0.0330448 0.0501475 5
0 0.466889 0.0916586 0.0343549 0.0608986 6
0 0.745701 0.130383 0.0304363 0.057139 7
0 0.303082 0.15638 0.0356667 0.0574615 8
0 0.702245 0.188697 0.031721 0.0490056 9
0 0.615284 0.0491434 0.0321795 0.0476227 10
0 0.511443 0.173846 0.0318866 0.0535967 11
0 0.39917 0.155219 0.0352528 0.0580347 12
