0 0.398303 0.0409261 0.0345459 0.0515214 1
0 0.662234 0.105698 0.0326545 0.058804 2
0 0.573434 0.099605 0.0330427 0.0592206 3
0 0.302664 0.0353817 0.0356915 0.0538955 4
0 0.613844 0.184184 0.0328786 0.0499971 5
0 0.466869 0.0918384 0.0342969 0.0608299 6
0 0.745658 0.130589 0.0304715 0.0572237 7
0 0.303039 0.156587 0.0357318 0.0576929 8
0 0.702223 0.188857 0.0318546 0.0491391 9
0 0.615197 0.0493319 0.0323616 0.0477391 10
0 0.511491 0.174088 0.0317444 0.0532929 11
0 0.399214 0.155499 0.0352681 0.0581894 12
