0 0.398582 0.0408258 0.0345881 0.0514536 1
0 0.662489 0.105563 0.0327363 0.0586657 2
0 0.573637 0.099614 0.0326934 0.0586407 3
0 0.302861 0.035565 0.0356629 0.0536696 4
0 0.613978 0.184131 0.0329771 0.0499423 5
0 0.466976 0.0918666 0.0342999 0.0611709 6
0 0.745908 0.130738 0.0305532 0.0567696 7
0 0.303233 0.156625 0.0356047 0.0575405 8
0 0.702464 0.18899 0.0317375 0.0489864 9
0 0.615415 0.0492917 0.0322305 0.0478548 10
0 0.511696 0.174007 0.0317993 0.0535496 11
0 0.399379 0.155388 0.0350159 0.0580244 12
