0 0.398333 0.0408804 0.034343 0.051289 1
0 0.662269 0.105575 0.0327584 0.0587897 2
0 0.573503 0.0995589 0.0330634 0.0589708 3
0 0.302568 0.0353931 0.0356346 0.0537881 4
0 0.61389 0.184111 0.0329056 0.0499783 5
0 0.466865 0.0918162 0.034481 0.0608985 6
0 0.74581 0.130588 0.0305662 0.0571772 7
0 0.302979 0.156557 0.0357351 0.0577746 8
0 0.702275 0.188808 0.0317312 0.0490089 9
0 0.615188 0.0490646 0.0324309 0.0478812 10
0 0.51159 0.174065 0.0318868 0.0533802 11
0 0.399169 0.155394 0.0351272 0.058211 12
