0 0.398482 0.0408734 0.0344817 0.0513699 1
0 0.662399 0.105515 0.0327944 0.0588662 2
0 0.573684 0.0993801 0.0328841 0.0589663 3
0 0.302768 0.0354791 0.0355745 0.0536746 4
0 0.61397 0.184135 0.0330581 0.0501801 5
0 0.466945 0.0917132 0.0345454 0.0611914 6
0 0.746043 0.130616 0.0305895 0.0571014 7
0 0.303125 0.156532 0.0357843 0.057713 8
0 0.702457 0.188751 0.031744 0.048941 9
0 0.615281 0.0491695 0.0324371 0.0480462 10
0 0.511718 0.173998 0.0319105 0.0534402 11
0 0.399307 0.155383 0.035159 0.0583089 12
