0 0.398333 0.0408883 0.0343992 0.0512866 1
0 0.662316 0.105615 0.0326282 0.0585468 2
0 0.573667 0.099535 0.0326267 0.0581012 3
0 0.302685 0.0356089 0.035655 0.0537497 4
0 0.613957 0.184234 0.0329101 0.0499587 5
0 0.466899 0.0917527 0.0343868 0.0606925 6
0 0.745875 0.130732 0.0303239 0.0566569 7
0 0.303072 0.156688 0.0357385 0.05768 8
0 0.702358 0.188883 0.0317381 0.0490186 9
0 0.615237 0.0492158 0.0322209 0.0475774 10
0 0.511657 0.174154 0.0317656 0.0531913 11
0 0.399205 0.155414 0.0349494 0.0578408 12
