0 0.398567 0.0410496 0.0344721 0.0511626 1
0 0.662423 0.105685 0.0326787 0.0587846 2
0 0.57371 0.0996331 0.0327681 0.0589152 3
0 0.302873 0.0355533 0.0356722 0.0537102 4
0 0.613976 0.18423 0.0328779 0.0497612 5
0 0.466991 0.0919609 0.034427 0.0610694 6
0 0.745869 0.130778 0.0305597 0.0571299 7
0 0.30327 0.156672 0.03566 0.0574518 8
0 0.702401 0.189001 0.0316937 0.0489507 9
0 0.615455 0.0493308 0.0321999 0.0477754 10
0 0.511747 0.174184 0.0317119 0.0533107 11
0 0.399411 0.155522 0.0352073 0.058033 12
