0 0.392195 0.746639 0.0342389 0.0564863 1
0 0.653036 0.804039 0.0323266 0.0594913 2
0 0.56513 0.801903 0.0323121 0.058635 3
0 0.296747 0.747452 0.0357781 0.0605649 4
0 0.603959 0.877327 0.031728 0.043075 5
0 0.458827 0.798719 0.0330353 0.0594571 6
0 0.735762 0.824688 0.0300016 0.0554882 7
0 0.294731 0.867297 0.0336316 0.0486258 8
0 0.691139 0.876619 0.0299002 0.0400406 9
0 0.607603 0.745715 0.0325151 0.054788 10
0 0.501675 0.872957 0.031293 0.0462895 11
0 0.390573 0.863137 0.0341669 0.0523213 12
