0 0.398744 0.0408178 0.034474 0.0511307 1
0 0.662859 0.105368 0.0329693 0.0589154 2
0 0.574028 0.0995664 0.0327409 0.0589039 3
0 0.302983 0.0353803 0.0356845 0.0536045 4
0 0.614301 0.184147 0.0329271 0.0498871 5
0 0.467133 0.0916974 0.0344534 0.0614266 6
0 0.746235 0.130417 0.0306364 0.0570975 7
0 0.303479 0.156489 0.0355827 0.0574769 8
0 0.702712 0.188636 0.031567 0.048872 9
0 0.615568 0.0489432 0.0322393 0.047787 10
0 0.51203 0.174066 0.0315742 0.0533074 11
0 0.399581 0.155403 0.0349556 0.0579897 12
