0 0.398556 0.0407896 0.0345116 0.0513121 1
0 0.662631 0.10552 0.0328619 0.0588535 2
0 0.573824 0.0996376 0.0328752 0.0589894 3
0 0.302935 0.0354585 0.0357748 0.0537828 4
0 0.614091 0.184201 0.032956 0.0498643 5
0 0.46699 0.0917313 0.0344081 0.0613739 6
0 0.746098 0.130551 0.0306796 0.0570594 7
0 0.303307 0.156472 0.0355967 0.0575814 8
0 0.702526 0.188721 0.0315985 0.0488479 9
0 0.615463 0.0490801 0.032226 0.0477811 10
0 0.511817 0.174017 0.0315971 0.0532209 11
0 0.399426 0.155432 0.0350051 0.0581165 12
