0 0.398277 0.0408771 0.0344827 0.051503 1
0 0.662202 0.105696 0.0326471 0.0587941 2
0 0.573427 0.0996045 0.0329369 0.0590619 3
0 0.302641 0.0354038 0.0357161 0.0538612 4
0 0.613804 0.184181 0.0328551 0.0499324 5
0 0.466875 0.091905 0.0342853 0.0607715 6
0 0.745691 0.130594 0.0304797 0.0573157 7
0 0.303032 0.156561 0.035747 0.0576801 8
0 0.702165 0.18886 0.0317791 0.0490238 9
0 0.615208 0.0493459 0.0323076 0.047734 10
0 0.511476 0.17411 0.0318286 0.0534301 11
0 0.399137 0.155484 0.0353083 0.0582284 12
