0 0.398303 0.0409597 0.0344655 0.0515245 1
0 0.662316 0.105621 0.0326589 0.0586999 2
0 0.573631 0.0995779 0.0329041 0.0588698 3
0 0.302631 0.0352652 0.0355908 0.0536835 4
0 0.613934 0.184087 0.0329135 0.0499832 5
0 0.466858 0.091706 0.0343546 0.0608013 6
0 0.745925 0.13059 0.0304778 0.0570799 7
0 0.303043 0.156526 0.0357425 0.0577314 8
0 0.702373 0.188833 0.0317358 0.0490466 9
0 0.615215 0.0491208 0.0322934 0.0476704 10
0 0.511677 0.174041 0.0319064 0.0533246 11
0 0.399197 0.155318 0.0351288 0.0583183 12
