0 0.398311 0.0409309 0.03447 0.0514267 1
0 0.662238 0.105653 0.0326284 0.0587332 2
0 0.573432 0.0996478 0.0329408 0.0590753 3
0 0.302676 0.035516 0.0355842 0.0537105 4
0 0.613883 0.184143 0.0328587 0.0499709 5
0 0.466869 0.0918027 0.0343091 0.0608258 6
0 0.745703 0.130683 0.030454 0.0571927 7
0 0.303046 0.156574 0.0356731 0.0575865 8
0 0.702211 0.188907 0.0318009 0.0490586 9
0 0.615248 0.049341 0.0323511 0.0477017 10
0 0.511518 0.174071 0.031806 0.0533664 11
0 0.3992 0.155454 0.035184 0.0580118 12
