0 0.398297 0.0409425 0.0344479 0.0514917 1
0 0.662183 0.105685 0.0326238 0.0586833 2
0 0.573387 0.0997941 0.0329463 0.0589638 3
0 0.302676 0.035403 0.035703 0.0538856 4
0 0.613844 0.18419 0.0328485 0.0498962 5
0 0.466866 0.0918277 0.0343872 0.0608724 6
0 0.745724 0.13075 0.0303201 0.0569384 7
0 0.303009 0.156557 0.035717 0.0575843 8
0 0.702183 0.188917 0.0318081 0.0490772 9
0 0.615161 0.0494422 0.0323421 0.0477946 10
0 0.511453 0.173999 0.031803 0.0534405 11
0 0.399178 0.155444 0.0352341 0.0581078 12
