0 0.398636 0.0410413 0.0345388 0.0512686 1
0 0.662645 0.105593 0.0328416 0.0589048 2
0 0.573886 0.099598 0.0327262 0.0589344 3
0 0.302955 0.0355748 0.0357269 0.0537706 4
0 0.614131 0.184243 0.0329838 0.0499854 5
0 0.4671 0.0919322 0.0343752 0.0610814 6
0 0.746111 0.130664 0.030691 0.0570393 7
0 0.303396 0.156605 0.0356558 0.0575527 8
0 0.702644 0.188739 0.0316782 0.0489217 9
0 0.615535 0.0491583 0.0322144 0.0478728 10
0 0.511957 0.174092 0.0317971 0.0532623 11
0 0.399542 0.155452 0.0351611 0.0580991 12
