0 0.573511 0.82157 0.0302807 0.0535106 14
0 0.358375 0.805324 0.0351121 0.0595742 15
0 0.262704 0.798528 0.0352676 0.0597566 16
0 0.528463 0.874508 0.0344797 0.0600524 17
0 0.614969 0.883126 0.0313135 0.0560754 18
0 0.4231 0.864413 0.0328816 0.061353 19
0 0.695858 0.908374 0.0298184 0.0523343 20
0 0.352143 0.920104 0.035851 0.0460721 21
0 0.256083 0.919086 0.0364475 0.0444586 22
0 0.462589 0.938382 0.0344227 0.0391731 23
0 0.562869 0.949546 0.0348804 0.0357246 24
0 0.648596 0.955579 0.0331964 0.0342784 25
