0 0.398638 0.0411031 0.0344694 0.0513387 1
0 0.662599 0.105778 0.0327017 0.0588034 2
0 0.573811 0.0996328 0.0328161 0.0588412 3
0 0.302923 0.0356521 0.0354809 0.0537551 4
0 0.614101 0.184255 0.0329739 0.0500094 5
0 0.467093 0.0919926 0.0344755 0.0611204 6
0 0.746134 0.130649 0.0307762 0.0571224 7
0 0.303362 0.156753 0.0355683 0.0574604 8
0 0.70255 0.188813 0.0318054 0.0490142 9
0 0.61545 0.0492744 0.03226 0.0477743 10
0 0.511874 0.17422 0.0316813 0.0532202 11
0 0.399465 0.155628 0.0350774 0.0581178 12
