0 0.39846 0.0409599 0.0343988 0.0513197 1
0 0.662467 0.105712 0.032709 0.0587436 2
0 0.573774 0.0996683 0.0327612 0.0584721 3
0 0.302769 0.0355249 0.0355566 0.0538495 4
0 0.614035 0.184237 0.0328904 0.0498117 5
0 0.466972 0.0918675 0.0344404 0.0609292 6
0 0.745974 0.13065 0.0304993 0.0567465 7
0 0.303233 0.156626 0.0355998 0.0575475 8
0 0.702465 0.188909 0.0317406 0.0489123 9
0 0.615311 0.0491321 0.0322192 0.0476139 10
0 0.5118 0.174268 0.0317595 0.0532491 11
0 0.399294 0.155536 0.0349786 0.0580445 12
