0 0.398359 0.0408967 0.0344858 0.0512424 1
0 0.662249 0.105698 0.0327512 0.0588623 2
0 0.573434 0.0994772 0.0329414 0.0586515 3
0 0.302649 0.0353206 0.0355474 0.0534516 4
0 0.613877 0.184113 0.0328826 0.0498968 5
0 0.466931 0.0916254 0.0344424 0.0610247 6
0 0.745766 0.130615 0.0304464 0.0572317 7
0 0.303127 0.156387 0.0357287 0.0574766 8
0 0.702275 0.188746 0.0316779 0.04879 9
0 0.615215 0.0491571 0.032247 0.0476035 10
0 0.5115 0.173919 0.0317876 0.0535046 11
0 0.399175 0.155339 0.0352268 0.0580417 12
