0 0.398703 0.0408769 0.0344381 0.051142 1
0 0.662808 0.105351 0.0329462 0.0587982 2
0 0.573941 0.0995836 0.032627 0.0587162 3
0 0.303034 0.035415 0.0356474 0.05361 4
0 0.614239 0.184123 0.0328543 0.0497444 5
0 0.467163 0.0917246 0.0344413 0.061527 6
0 0.746184 0.130466 0.030666 0.0569829 7
0 0.303472 0.156498 0.0355612 0.0575541 8
0 0.702813 0.188656 0.0315304 0.0487871 9
0 0.615588 0.0490708 0.0321573 0.0475969 10
0 0.512071 0.173962 0.0315911 0.053357 11
0 0.399661 0.15525 0.0349287 0.0580015 12
