0 0.398784 0.10288 0.0352806 0.0522548 1
0 0.661639 0.170263 0.0314839 0.0592718 2
0 0.573352 0.162584 0.0321923 0.0583074 3
0 0.303205 0.0970393 0.0348225 0.0520183 4
0 0.612856 0.247937 0.0329142 0.0514353 5
0 0.466874 0.15516 0.0328661 0.0604467 6
0 0.745159 0.195397 0.031068 0.0582002 7
0 0.30233 0.218962 0.0361786 0.0592649 8
0 0.701532 0.25245 0.0318081 0.0491249 9
0 0.615134 0.113386 0.0318519 0.0483983 10
0 0.510815 0.236856 0.0323052 0.0532327 11
0 0.398607 0.218465 0.0359828 0.0592577 12
