0 0.398314 0.0409721 0.0343782 0.0512921 1
0 0.662258 0.105784 0.0326372 0.0587344 2
0 0.573453 0.0997227 0.0329036 0.0589006 3
0 0.302693 0.0356261 0.0355617 0.0536471 4
0 0.613867 0.184328 0.0327854 0.0498422 5
0 0.466933 0.0918778 0.0343979 0.0608471 6
0 0.745704 0.130828 0.0305342 0.0571596 7
0 0.303056 0.156638 0.0356845 0.0574065 8
0 0.702201 0.189066 0.0317438 0.0489821 9
0 0.615188 0.0494655 0.0323118 0.0478062 10
0 0.511523 0.174214 0.0318577 0.053285 11
0 0.399172 0.155633 0.0352056 0.0581013 12
