0 0.3986 0.0410701 0.0344724 0.0511283 1
0 0.662556 0.105684 0.0326805 0.0587208 2
0 0.573771 0.0996542 0.032743 0.0589863 3
0 0.302826 0.0356177 0.0356756 0.0536734 4
0 0.614064 0.184263 0.032904 0.0498321 5
0 0.467044 0.0920214 0.034424 0.06109 6
0 0.745957 0.130832 0.0306538 0.0571049 7
0 0.303352 0.15669 0.0356272 0.0575338 8
0 0.702529 0.188993 0.0316692 0.0489279 9
0 0.615513 0.0493095 0.0321811 0.0476793 10
0 0.511909 0.174238 0.031693 0.0531469 11
0 0.399476 0.155523 0.0351697 0.0580244 12
