0 0.398519 0.0408272 0.0344565 0.0511668 1
0 0.662495 0.105451 0.0327904 0.0589048 2
0 0.573721 0.0993076 0.03291 0.0590168 3
0 0.302997 0.035311 0.0357455 0.0537225 4
0 0.614071 0.184023 0.0328743 0.0499098 5
0 0.466954 0.0916261 0.0344257 0.0612255 6
0 0.746013 0.130461 0.0303917 0.0569172 7
0 0.303283 0.15643 0.035802 0.0577254 8
0 0.702545 0.188512 0.0315616 0.0487897 9
0 0.615441 0.0490735 0.0322236 0.0476354 10
0 0.51181 0.173845 0.0317148 0.053346 11
0 0.399397 0.155277 0.0350713 0.057918 12
