0 0.398564 0.0410308 0.0344745 0.0513685 1
0 0.662571 0.105771 0.0326629 0.0587196 2
0 0.573798 0.0996781 0.0325826 0.0583664 3
0 0.302897 0.0356099 0.0355437 0.0538622 4
0 0.614079 0.184198 0.0329344 0.0499264 5
0 0.467067 0.0919334 0.0343931 0.0609443 6
0 0.746059 0.130622 0.0306861 0.0569219 7
0 0.303338 0.156786 0.0356046 0.0575265 8
0 0.702578 0.188872 0.0317274 0.0488822 9
0 0.61546 0.0492052 0.0321399 0.0475824 10
0 0.511887 0.174164 0.0316887 0.0532279 11
0 0.39941 0.155574 0.034903 0.0577938 12
