0 0.398743 0.0407791 0.034501 0.0512528 1
0 0.662688 0.105454 0.0329582 0.058987 2
0 0.573972 0.0995342 0.0327387 0.0588847 3
0 0.30294 0.0354641 0.0357223 0.0536902 4
0 0.614175 0.184123 0.0329693 0.0498529 5
0 0.467001 0.0915965 0.034388 0.0613316 6
0 0.746175 0.130446 0.030832 0.0571797 7
0 0.303376 0.156406 0.0356504 0.0576999 8
0 0.702744 0.188407 0.0315637 0.0487952 9
0 0.615558 0.0489252 0.032343 0.0479154 10
0 0.51197 0.17383 0.0316274 0.0534618 11
0 0.399532 0.155196 0.0350518 0.0581372 12
