0 0.392447 0.736332 0.0343454 0.0565564 1
0 0.653158 0.79399 0.0319673 0.0586437 2
0 0.565338 0.791545 0.0321957 0.0583435 3
0 0.296844 0.736978 0.0355503 0.0600173 4
0 0.604085 0.867075 0.0322373 0.0439234 5
0 0.458916 0.788781 0.0330838 0.05953 6
0 0.735909 0.814492 0.0300198 0.0554766 7
0 0.295 0.856856 0.0337512 0.0489269 8
0 0.691409 0.867265 0.0301569 0.0407099 9
0 0.607854 0.735818 0.0323662 0.0543168 10
0 0.501729 0.862876 0.0315893 0.0469144 11
0 0.390934 0.85211 0.0338095 0.0518342 12
