0 0.398372 0.0408655 0.0343966 0.0511037 1
0 0.66225 0.105627 0.0326455 0.0586554 2
0 0.573407 0.0995067 0.0328752 0.0585216 3
0 0.302722 0.0353258 0.0355764 0.0534816 4
0 0.613894 0.184079 0.0328579 0.0498599 5
0 0.466945 0.0916114 0.0343355 0.0608031 6
0 0.745773 0.130536 0.0303607 0.0570248 7
0 0.303097 0.156435 0.0357279 0.057502 8
0 0.702291 0.188779 0.0316605 0.0487579 9
0 0.615197 0.0491637 0.0321996 0.0475094 10
0 0.511491 0.173923 0.0317613 0.0534546 11
0 0.399173 0.155178 0.0352342 0.0580778 12
