0 0.394239 0.546172 0.0349858 0.055607 1
0 0.655687 0.607371 0.0326619 0.0589563 2
0 0.567669 0.603607 0.0324826 0.057852 3
0 0.298939 0.543717 0.035834 0.0584474 4
0 0.606946 0.68097 0.0326977 0.0460848 5
0 0.461458 0.59936 0.0330868 0.0598699 6
0 0.738663 0.630626 0.0304065 0.0565885 7
0 0.297282 0.664072 0.0354479 0.0540375 8
0 0.694167 0.684047 0.0329208 0.0449154 9
0 0.610065 0.550063 0.0323801 0.0528295 10
0 0.504568 0.67533 0.0318922 0.0490288 11
0 0.393065 0.661108 0.034898 0.0553775 12
