0 0.398397 0.0409246 0.0343905 0.0513215 1
0 0.662335 0.105531 0.032577 0.0585004 2
0 0.573636 0.099698 0.0329022 0.0586635 3
0 0.302689 0.0355503 0.0358164 0.0540627 4
0 0.614015 0.184301 0.0328626 0.0497816 5
0 0.466921 0.0918908 0.0344097 0.0607408 6
0 0.745923 0.130643 0.0303446 0.0567434 7
0 0.303109 0.156677 0.0357646 0.0578278 8
0 0.702376 0.188966 0.0317974 0.0491108 9
0 0.615267 0.0490829 0.0321283 0.0474427 10
0 0.511668 0.174154 0.0319154 0.0534292 11
0 0.399246 0.155486 0.0349898 0.0578554 12
