0 0.39855 0.0409894 0.0345688 0.0514542 1
0 0.662625 0.105622 0.0327504 0.0587643 2
0 0.573857 0.0996887 0.0326889 0.0587593 3
0 0.302909 0.035607 0.0355332 0.0535123 4
0 0.614121 0.184245 0.0329402 0.0498944 5
0 0.467039 0.0918274 0.0343912 0.0611373 6
0 0.746074 0.130804 0.0306453 0.0571557 7
0 0.30331 0.156701 0.0355619 0.0573659 8
0 0.702665 0.188936 0.0317083 0.0490021 9
0 0.615431 0.0491286 0.0322935 0.0478912 10
0 0.511925 0.174165 0.0317897 0.0533883 11
0 0.399518 0.155535 0.0351377 0.0579732 12
