0 0.397247 0.225954 0.0346385 0.0536951 1
0 0.65994 0.293198 0.032206 0.0594888 2
0 0.571665 0.286881 0.0332189 0.0598386 3
0 0.301917 0.220478 0.0362826 0.055169 4
0 0.611278 0.368826 0.0322307 0.0485335 5
0 0.465621 0.279094 0.0330533 0.0603229 6
0 0.743637 0.31746 0.0305163 0.0559834 7
0 0.30073 0.341913 0.035831 0.0567711 8
0 0.698662 0.374171 0.0336222 0.0461191 9
0 0.614144 0.23671 0.0328463 0.0492376 10
0 0.508972 0.359847 0.0317126 0.0518381 11
0 0.397171 0.340873 0.0349736 0.0578531 12
