0 0.398617 0.0410655 0.0345087 0.0512165 1
0 0.66262 0.105652 0.0327687 0.058763 2
0 0.573813 0.0996656 0.0327368 0.0589674 3
0 0.30297 0.0355723 0.0356421 0.0536417 4
0 0.614121 0.184158 0.0328893 0.0498258 5
0 0.467063 0.0919778 0.0344018 0.0611164 6
0 0.74604 0.130663 0.0307304 0.0571339 7
0 0.303384 0.156687 0.035659 0.0575576 8
0 0.702604 0.188899 0.0316991 0.0489737 9
0 0.615585 0.0491733 0.032118 0.04774 10
0 0.511964 0.174189 0.0317669 0.0531856 11
0 0.399497 0.155488 0.035165 0.0581246 12
