0 0.398433 0.0409835 0.0343855 0.0513184 1
0 0.662457 0.10575 0.0326938 0.0586977 2
0 0.573698 0.0995545 0.0328054 0.0584296 3
0 0.302758 0.0354772 0.0355541 0.0537409 4
0 0.466979 0.0919174 0.0344388 0.0608529 5
0 0.614041 0.184213 0.0328607 0.0497846 6
0 0.745906 0.130688 0.030479 0.0569249 7
0 0.30323 0.15667 0.0356009 0.0575336 8
0 0.702459 0.188968 0.0316931 0.0488671 9
0 0.615309 0.049158 0.0322232 0.0476281 10
0 0.511756 0.174278 0.0317894 0.0532734 11
0 0.399307 0.155554 0.0349613 0.0579099 12
