0 0.556592 0.848982 0.0308757 0.0555054 14
0 0.343509 0.815328 0.0349135 0.0596424 15
0 0.2478 0.800642 0.0358941 0.0610977 16
0 0.510517 0.898028 0.0331882 0.0582472 17
0 0.597372 0.913671 0.031524 0.0574872 18
0 0.406864 0.880472 0.0331567 0.0619405 19
0 0.674901 0.94581 0.0306188 0.052758 20
0 0.333183 0.928985 0.0347591 0.0465853 21
0 0.237265 0.919526 0.0358924 0.0458864 22
0 0.442907 0.954699 0.0333705 0.0398364 23
0 0.542855 0.97372 0.0349093 0.0379935 24
0 0.628123 0.984423 0.030804 0.031154 25
