0 0.398352 0.0408279 0.0345591 0.0512545 1
0 0.662207 0.10566 0.0326115 0.0587019 2
0 0.573378 0.0997463 0.0327166 0.0582238 3
0 0.302637 0.0354364 0.0355247 0.0536485 4
0 0.4669 0.0916511 0.0343485 0.0608512 5
0 0.613874 0.184226 0.0329801 0.0500486 6
0 0.745792 0.130611 0.0306407 0.0573312 7
0 0.303064 0.156594 0.0356218 0.057399 8
0 0.702288 0.188891 0.0316652 0.0488819 9
0 0.61529 0.0491662 0.0321231 0.0475343 10
0 0.511534 0.173941 0.0317528 0.0533054 11
0 0.399187 0.155314 0.0352045 0.0579428 12
