0 0.398378 0.0408983 0.0343056 0.051138 1
0 0.662243 0.105732 0.0325561 0.0585169 2
0 0.573419 0.0998518 0.032764 0.0586171 3
0 0.30269 0.0357015 0.0356911 0.0538241 4
0 0.466913 0.0917716 0.0344767 0.0610055 5
0 0.613863 0.184316 0.0327901 0.0497915 6
0 0.745692 0.130969 0.0305174 0.0571404 7
0 0.303039 0.156609 0.0356873 0.0573964 8
0 0.702186 0.189043 0.0317821 0.0490658 9
0 0.615162 0.0494256 0.0322064 0.0476689 10
0 0.511529 0.17416 0.031856 0.053289 11
0 0.399177 0.155567 0.0352112 0.0580697 12
