0 0.39843 0.0409518 0.0344029 0.0513289 1
0 0.662449 0.105769 0.0326918 0.0586924 2
0 0.573681 0.0995295 0.0328318 0.0584739 3
0 0.302732 0.035497 0.0355644 0.05373 4
0 0.466961 0.0919085 0.034395 0.0607452 5
0 0.614005 0.184212 0.0328491 0.0497792 6
0 0.745903 0.130646 0.0304223 0.056849 7
0 0.303223 0.156656 0.0355965 0.0575487 8
0 0.702452 0.188962 0.0316981 0.0488765 9
0 0.615273 0.0491514 0.032227 0.0476132 10
0 0.511741 0.174244 0.03179 0.053281 11
0 0.399281 0.15553 0.0350119 0.0579843 12
