0 0.398569 0.0410249 0.0344831 0.0513883 1
0 0.662572 0.105774 0.0326617 0.0586981 2
0 0.573795 0.0996963 0.0326679 0.0583633 3
0 0.302876 0.0356212 0.0354999 0.0538113 4
0 0.467076 0.0919202 0.0343725 0.0609307 5
0 0.614081 0.18419 0.0329432 0.0499173 6
0 0.746072 0.130603 0.0306807 0.0569221 7
0 0.303335 0.156791 0.0356122 0.0575472 8
0 0.702573 0.188844 0.0317338 0.048892 9
0 0.615468 0.0491869 0.0321292 0.0475814 10
0 0.511888 0.17417 0.0316891 0.0532081 11
0 0.399409 0.155554 0.0349076 0.057795 12
