0 0.398567 0.0408941 0.0343682 0.0510481 1
0 0.662553 0.105546 0.0326874 0.0586101 2
0 0.573793 0.0993748 0.0325828 0.0583807 3
0 0.302885 0.0353783 0.0356221 0.0535776 4
0 0.466967 0.0916771 0.0343812 0.0611508 5
0 0.614157 0.184022 0.0327956 0.0496929 6
0 0.746014 0.130432 0.0304678 0.0569374 7
0 0.303337 0.156345 0.0356583 0.0575898 8
0 0.702628 0.188648 0.0315851 0.0488032 9
0 0.6155 0.04904 0.0320163 0.0473376 10
0 0.511877 0.173824 0.0316678 0.0532933 11
0 0.399471 0.155269 0.0350192 0.0579395 12
