0 0.398361 0.0409013 0.0344559 0.0511966 1
0 0.662249 0.10571 0.03275 0.0588681 2
0 0.573434 0.0994639 0.0329844 0.0586038 3
0 0.302642 0.0353447 0.0355951 0.0535524 4
0 0.466915 0.0916069 0.0344353 0.0610086 5
0 0.61389 0.184139 0.032867 0.0499258 6
0 0.74577 0.130599 0.0304809 0.0573311 7
0 0.303126 0.156393 0.0357252 0.0574945 8
0 0.702278 0.188746 0.0316511 0.0487822 9
0 0.615224 0.0491567 0.0322386 0.047613 10
0 0.511494 0.173934 0.0318057 0.0534943 11
0 0.399175 0.155334 0.0352301 0.0580418 12
