0 0.398691 0.0408261 0.034552 0.0513299 1
0 0.662737 0.105345 0.0329673 0.0589208 2
0 0.573927 0.0995987 0.0327481 0.0590025 3
0 0.303047 0.0354073 0.0356464 0.0536216 4
0 0.467103 0.0917003 0.0343061 0.0612673 5
0 0.614244 0.184156 0.032993 0.0499123 6
0 0.746217 0.130409 0.0307086 0.0570838 7
0 0.303433 0.156489 0.0355756 0.0575907 8
0 0.702701 0.188571 0.0315973 0.0489031 9
0 0.615538 0.0487389 0.0322705 0.0478031 10
0 0.511994 0.173929 0.0316256 0.0534327 11
0 0.399523 0.155435 0.0350085 0.0581523 12
