0 0.398557 0.0409111 0.0344913 0.0513838 1
0 0.662603 0.105632 0.0327832 0.0587848 2
0 0.573882 0.0996024 0.0326218 0.0583497 3
0 0.302867 0.0355834 0.0357356 0.0538539 4
0 0.467029 0.0918409 0.0343597 0.0610356 5
0 0.614054 0.184191 0.0328901 0.0498598 6
0 0.746069 0.130763 0.030573 0.0570324 7
0 0.303261 0.156664 0.0355278 0.0573776 8
0 0.702647 0.188936 0.0317862 0.0490125 9
0 0.615421 0.0491122 0.0322821 0.0478321 10
0 0.511897 0.174068 0.0317896 0.0533576 11
0 0.399414 0.155543 0.0351627 0.0580243 12
