0 0.398273 0.0408366 0.0343023 0.051251 1
0 0.662258 0.105631 0.0327641 0.0588297 2
0 0.573519 0.0994419 0.0330006 0.0588424 3
0 0.302597 0.0354639 0.0355953 0.0536719 4
0 0.466886 0.0917144 0.0345036 0.06102 5
0 0.613873 0.184141 0.0329793 0.0500818 6
0 0.745827 0.130729 0.0305451 0.0571834 7
0 0.303022 0.156522 0.0356774 0.0576392 8
0 0.702284 0.188832 0.0317088 0.0489724 9
0 0.615187 0.049151 0.0324563 0.0479653 10
0 0.511584 0.174044 0.0319479 0.0534072 11
0 0.39917 0.155419 0.0351214 0.0581948 12
