0 0.398644 0.0409646 0.0344596 0.0510865 1
0 0.662595 0.105519 0.03272 0.058732 2
0 0.573755 0.0998128 0.0326549 0.0587131 3
0 0.302881 0.0357097 0.0356596 0.0535952 4
0 0.467076 0.0919004 0.0343068 0.060913 5
0 0.614092 0.184242 0.0328199 0.0496822 6
0 0.745965 0.130937 0.0307523 0.0572693 7
0 0.303429 0.156717 0.035534 0.0573163 8
0 0.702521 0.188972 0.0316724 0.0490021 9
0 0.615527 0.049208 0.0320868 0.0476061 10
0 0.511941 0.174278 0.0316916 0.0529661 11
0 0.399477 0.155597 0.0350235 0.0578348 12
