0 0.39716 0.242102 0.0345215 0.0538189 1
0 0.659504 0.309672 0.0321791 0.0595885 2
0 0.571479 0.303222 0.0331326 0.0599576 3
0 0.301735 0.237025 0.0361854 0.0551933 4
0 0.465495 0.295254 0.0332228 0.0605671 5
0 0.611044 0.385242 0.03214 0.0482608 6
0 0.743326 0.333853 0.0309362 0.0567299 7
0 0.300678 0.358182 0.0354815 0.0559945 8
0 0.698547 0.389721 0.0340506 0.0465603 9
0 0.613982 0.252291 0.0329405 0.0499401 10
0 0.508707 0.375978 0.0317676 0.0517767 11
0 0.396911 0.35776 0.0348256 0.0574814 12
