0 0.398294 0.0408597 0.0343634 0.051285 1
0 0.662245 0.105599 0.032747 0.058735 2
0 0.573501 0.0996344 0.0330265 0.0587812 3
0 0.302564 0.0354673 0.0354692 0.0534546 4
0 0.466886 0.0918019 0.034496 0.0609433 5
0 0.613893 0.184145 0.0329327 0.04995 6
0 0.745788 0.130658 0.0304923 0.0570153 7
0 0.302998 0.156587 0.0356088 0.0575581 8
0 0.702262 0.188828 0.031742 0.0490089 9
0 0.61519 0.0491049 0.0323954 0.0478111 10
0 0.511549 0.174073 0.0318803 0.0533757 11
0 0.399183 0.155419 0.0351661 0.0582641 12
