0 0.562939 0.819894 0.0309628 0.055625 14
0 0.348697 0.792201 0.0337824 0.0595394 15
0 0.253232 0.780291 0.0360254 0.060286 16
0 0.516937 0.870476 0.0332939 0.0584997 17
0 0.604112 0.884922 0.0308129 0.0562719 18
0 0.412132 0.853695 0.0335984 0.0604962 19
0 0.682997 0.914669 0.0296278 0.052061 20
0 0.340025 0.905791 0.0349979 0.0472598 21
0 0.244099 0.898994 0.034537 0.045041 22
0 0.450246 0.929938 0.0323398 0.0394658 23
0 0.55046 0.945285 0.0326154 0.0354736 24
0 0.635219 0.957909 0.0325199 0.0334818 25
