0 0.398714 0.0407891 0.0344382 0.0511609 1
0 0.662723 0.105473 0.0328692 0.0587637 2
0 0.573977 0.0996595 0.0327013 0.0588506 3
0 0.302984 0.035425 0.0358203 0.0538524 4
0 0.46703 0.0915224 0.0343 0.0611993 5
0 0.614194 0.184153 0.0329331 0.0497659 6
0 0.746204 0.130366 0.0308503 0.0572155 7
0 0.303394 0.156432 0.0355314 0.0575166 8
0 0.702795 0.188586 0.0315862 0.0488305 9
0 0.615513 0.0489813 0.032404 0.0479857 10
0 0.511968 0.173826 0.0316144 0.0534345 11
0 0.399528 0.155246 0.0349967 0.0580672 12
