0 0.398688 0.0408802 0.0345413 0.0513192 1
0 0.662779 0.105388 0.0329199 0.0587782 2
0 0.573965 0.0996132 0.0326541 0.0587902 3
0 0.303062 0.0354484 0.0356562 0.0536554 4
0 0.467144 0.0917843 0.0342893 0.0612984 5
0 0.614219 0.184162 0.0328845 0.0497574 6
0 0.746196 0.13042 0.0306875 0.0570139 7
0 0.303452 0.156473 0.0355135 0.0575012 8
0 0.702723 0.188654 0.0315044 0.0487553 9
0 0.615586 0.0487885 0.0322314 0.0477535 10
0 0.512029 0.173892 0.0316415 0.0534452 11
0 0.399587 0.155296 0.0349428 0.0580608 12
