0 0.561924 0.823231 0.030685 0.0549459 14
0 0.347635 0.795141 0.0339043 0.0595602 15
0 0.252393 0.782068 0.0362634 0.0612584 16
0 0.516124 0.874154 0.0333543 0.0587992 17
0 0.60267 0.888911 0.0308216 0.0563747 18
0 0.410861 0.857684 0.0336775 0.0607519 19
0 0.681104 0.918802 0.0294883 0.051634 20
0 0.33873 0.908833 0.034988 0.047181 21
0 0.243048 0.900497 0.0347651 0.0449506 22
0 0.449117 0.933102 0.0328112 0.0401453 23
0 0.549015 0.948905 0.0325951 0.0353278 24
0 0.633874 0.961371 0.0331985 0.0341738 25
