0 0.398501 0.0409033 0.0345545 0.0514878 1
0 0.662426 0.105549 0.0328178 0.0588963 2
0 0.573653 0.0993749 0.0329484 0.0590887 3
0 0.302788 0.0355259 0.0356757 0.053856 4
0 0.466937 0.0917513 0.0344322 0.0610189 5
0 0.613983 0.184088 0.0330392 0.0501289 6
0 0.746086 0.130629 0.030581 0.057094 7
0 0.303139 0.156539 0.0357048 0.0575944 8
0 0.702471 0.188767 0.0317202 0.0488981 9
0 0.615285 0.0490917 0.0324468 0.0480902 10
0 0.511727 0.173966 0.0319052 0.0534454 11
0 0.39929 0.155356 0.0351692 0.0583286 12
