0 0.577904 0.846368 0.0308414 0.0537645 14
0 0.36274 0.838402 0.0369736 0.0597616 15
0 0.26662 0.833903 0.0370404 0.0601078 16
0 0.533467 0.901473 0.0361502 0.0587713 17
0 0.619975 0.906991 0.0328156 0.0559584 18
0 0.428349 0.894458 0.0354007 0.0611813 19
0 0.701358 0.930088 0.0313877 0.0512961 20
0 0.357465 0.95334 0.0416028 0.0480754 21
0 0.261555 0.954942 0.0401974 0.0444475 22
0 0.468484 0.967751 0.0423007 0.0424583 23
0 0.569565 0.975777 0.042029 0.0389491 24
0 0.655643 0.979015 0.0385568 0.037168 25
