0 0.398632 0.0461268 0.0347904 0.0520467 1
0 0.66243 0.111999 0.0325677 0.0586634 2
0 0.573688 0.105689 0.0326645 0.0581437 3
0 0.302944 0.0413218 0.0355472 0.0533852 4
0 0.466822 0.097983 0.0346467 0.0620357 5
0 0.61419 0.190327 0.0328353 0.0500671 6
0 0.746207 0.137344 0.0304763 0.0567359 7
0 0.303172 0.162173 0.0356006 0.0575676 8
0 0.70259 0.194755 0.0314537 0.0484454 9
0 0.615548 0.0559247 0.0320001 0.0469634 10
0 0.511908 0.179968 0.0316731 0.0533368 11
0 0.39942 0.160707 0.0349848 0.0582203 12
