0 0.398866 0.0908897 0.0348519 0.051442 1
0 0.661879 0.157666 0.0312428 0.0589616 2
0 0.573514 0.150339 0.0323844 0.0587855 3
0 0.303155 0.0853661 0.0363004 0.0537387 4
0 0.466886 0.142831 0.0333335 0.0615829 5
0 0.613191 0.235993 0.0329426 0.0514396 6
0 0.745515 0.183433 0.0309824 0.0580855 7
0 0.30244 0.207069 0.0366424 0.0599789 8
0 0.70169 0.240588 0.0316185 0.0491332 9
0 0.615408 0.102376 0.0323019 0.0497947 10
0 0.511091 0.224531 0.0321219 0.0531575 11
0 0.398924 0.206697 0.0360085 0.0591608 12
