0 0.398262 0.0408271 0.0344206 0.0511505 1
0 0.662219 0.105585 0.0325855 0.0586426 2
0 0.57338 0.0996532 0.0328398 0.0584388 3
0 0.302659 0.0352623 0.0355432 0.0535241 4
0 0.466895 0.0916092 0.0342594 0.060714 5
0 0.613896 0.18408 0.0328195 0.049866 6
0 0.745738 0.130499 0.0304332 0.0571161 7
0 0.303084 0.156405 0.0356513 0.0574619 8
0 0.702303 0.188753 0.031586 0.0487355 9
0 0.615221 0.0490965 0.0321031 0.0475481 10
0 0.51151 0.173986 0.0317636 0.0533856 11
0 0.399177 0.155315 0.0352059 0.0579719 12
