0 0.398283 0.040807 0.0343691 0.0513276 1
0 0.66223 0.105704 0.0326335 0.0587117 2
0 0.573486 0.0995668 0.0329519 0.05909 3
0 0.302631 0.0355055 0.0356868 0.0537569 4
0 0.466873 0.0919246 0.0342826 0.0606907 5
0 0.613798 0.184262 0.0329021 0.0499788 6
0 0.745688 0.130632 0.0305153 0.0574174 7
0 0.303024 0.156564 0.0356217 0.0574229 8
0 0.702211 0.188826 0.0317273 0.0489782 9
0 0.615163 0.0493657 0.0323254 0.0477662 10
0 0.51148 0.174074 0.0317785 0.0533693 11
0 0.399157 0.155488 0.035242 0.0581122 12
