0 0.398555 0.0409617 0.034558 0.051439 1
0 0.662626 0.105597 0.0327605 0.0587527 2
0 0.573859 0.0996142 0.0327824 0.0589505 3
0 0.302903 0.0355968 0.0356567 0.0537356 4
0 0.467056 0.0918467 0.0344001 0.0611714 5
0 0.614166 0.184292 0.0330346 0.0500506 6
0 0.74602 0.130786 0.0306745 0.0572108 7
0 0.303328 0.156659 0.0356059 0.0574555 8
0 0.702682 0.188919 0.0316838 0.0489531 9
0 0.615446 0.0492113 0.0323315 0.0479468 10
0 0.511895 0.174187 0.0317528 0.0533116 11
0 0.399531 0.155554 0.0351516 0.0580331 12
