0 0.397236 0.220422 0.0346676 0.0536551 1
0 0.659722 0.287567 0.0320721 0.0592176 2
0 0.571755 0.281786 0.0331196 0.0595947 3
0 0.301947 0.215272 0.0364331 0.0553363 4
0 0.465826 0.273584 0.0330045 0.0602633 5
0 0.611447 0.363954 0.0316969 0.0477363 6
0 0.743904 0.312802 0.0303351 0.0557797 7
0 0.300912 0.336366 0.0357228 0.0566676 8
0 0.698676 0.369014 0.0332552 0.0456447 9
0 0.614197 0.230961 0.0325905 0.0486245 10
0 0.508963 0.354582 0.031792 0.0520459 11
0 0.397219 0.335641 0.0347781 0.0575345 12
