0 0.397257 0.225952 0.0346315 0.0536895 1
0 0.659933 0.293192 0.0321983 0.0595139 2
0 0.571662 0.286881 0.0332169 0.0598443 3
0 0.301917 0.220465 0.0362793 0.0551717 4
0 0.46562 0.279101 0.0330626 0.0603458 5
0 0.611283 0.368818 0.0322424 0.0485648 6
0 0.743632 0.317446 0.0305035 0.0559601 7
0 0.30074 0.341913 0.0358434 0.0567977 8
0 0.698654 0.374177 0.0336041 0.046093 9
0 0.614146 0.236715 0.0328396 0.0492244 10
0 0.508965 0.359847 0.0316954 0.0517915 11
0 0.397178 0.340901 0.0350051 0.0578974 12
