0 0.398728 0.0408278 0.0345138 0.0510674 1
0 0.66271 0.105436 0.0328175 0.0586977 2
0 0.573913 0.0994092 0.0325154 0.0583505 3
0 0.302906 0.0355343 0.0355162 0.0535098 4
0 0.467077 0.0917866 0.0345301 0.061508 5
0 0.614199 0.184121 0.0329863 0.0498674 6
0 0.746173 0.130511 0.03059 0.0569677 7
0 0.303467 0.156493 0.0355949 0.0575357 8
0 0.702731 0.188613 0.0315744 0.0487074 9
0 0.615608 0.0489465 0.0319425 0.0472669 10
0 0.51196 0.173909 0.0317046 0.0534231 11
0 0.399628 0.155194 0.0349312 0.0578924 12
