0 0.398307 0.0408924 0.0343313 0.0513326 1
0 0.662265 0.105671 0.0326048 0.0585596 2
0 0.573574 0.0996758 0.0329151 0.0587697 3
0 0.302686 0.0352959 0.0356628 0.053777 4
0 0.466857 0.0917556 0.034265 0.0606028 5
0 0.613977 0.184091 0.0329325 0.0500478 6
0 0.745809 0.13057 0.030402 0.0568878 7
0 0.303003 0.156583 0.0357497 0.0577819 8
0 0.702318 0.188793 0.0317418 0.0490589 9
0 0.615261 0.0490478 0.0321969 0.0475412 10
0 0.511679 0.174093 0.0319496 0.0533932 11
0 0.399195 0.15547 0.03487 0.0577995 12
