0 0.398309 0.0408889 0.0344109 0.0513231 1
0 0.662359 0.105634 0.0326697 0.0586267 2
0 0.573646 0.0995915 0.0328393 0.0584963 3
0 0.302642 0.0354106 0.0355805 0.0535722 4
0 0.466883 0.0918014 0.0343635 0.0607083 5
0 0.613951 0.184196 0.0329132 0.0499365 6
0 0.745855 0.130594 0.0304003 0.0568363 7
0 0.303099 0.156606 0.0356542 0.0575458 8
0 0.702346 0.188888 0.0317382 0.0490064 9
0 0.615222 0.0491306 0.0322297 0.0476252 10
0 0.511606 0.174168 0.0317822 0.0531967 11
0 0.399188 0.15543 0.0351321 0.0581636 12
