0 0.398703 0.0409023 0.0345845 0.0513464 1
0 0.662804 0.105406 0.0328905 0.0586969 2
0 0.574001 0.0995621 0.0327138 0.0588078 3
0 0.302952 0.035441 0.0356916 0.0536541 4
0 0.46715 0.0917748 0.0344076 0.0613728 5
0 0.614254 0.184135 0.0328084 0.0496468 6
0 0.746219 0.130366 0.0306494 0.0570346 7
0 0.303467 0.156479 0.035551 0.0574866 8
0 0.702759 0.188687 0.0315476 0.0488089 9
0 0.615609 0.0488734 0.0322108 0.0477084 10
0 0.512033 0.173953 0.0316439 0.053448 11
0 0.399559 0.155299 0.03494 0.0579694 12
