0 0.392193 0.74664 0.0342531 0.0565113 1
0 0.653036 0.804051 0.0323297 0.0595028 2
0 0.565106 0.801793 0.0323223 0.0586762 3
0 0.296751 0.747452 0.0357804 0.0605864 4
0 0.458803 0.798818 0.0330571 0.0595076 5
0 0.603955 0.877318 0.0317471 0.043111 6
0 0.735759 0.824673 0.0299931 0.0554756 7
0 0.294745 0.867294 0.0336267 0.0486397 8
0 0.691143 0.87661 0.0299063 0.0400497 9
0 0.6076 0.745728 0.0324999 0.0547816 10
0 0.501668 0.87295 0.031284 0.0462646 11
0 0.390562 0.863131 0.0341807 0.0523595 12
