0 0.397057 0.259363 0.0347326 0.0543081 1
0 0.659441 0.326613 0.0324885 0.0601979 2
0 0.571296 0.320345 0.0331486 0.0601507 3
0 0.301455 0.254366 0.0365705 0.0561842 4
0 0.465277 0.312485 0.0330969 0.0602499 5
0 0.610814 0.40188 0.0324379 0.0486872 6
0 0.743088 0.3507 0.0308821 0.0565352 7
0 0.300466 0.375358 0.0353588 0.0555216 8
0 0.69823 0.406499 0.0343793 0.0472415 9
0 0.613848 0.269569 0.0329876 0.0506155 10
0 0.508651 0.392575 0.0317588 0.0516054 11
0 0.396781 0.374635 0.0348072 0.0573027 12
