0 0.398319 0.0409265 0.0343614 0.0512313 1
0 0.662247 0.10562 0.0327374 0.0586846 2
0 0.573499 0.0995457 0.0331137 0.0589743 3
0 0.30256 0.0354896 0.0355629 0.0535841 4
0 0.466895 0.0918022 0.034541 0.0610547 5
0 0.613894 0.184146 0.0329357 0.0499886 6
0 0.74581 0.130664 0.030535 0.0570598 7
0 0.302995 0.156556 0.0356535 0.0576208 8
0 0.702276 0.188856 0.0317103 0.0489331 9
0 0.615236 0.0491091 0.0324028 0.0478297 10
0 0.511558 0.174052 0.0318871 0.0534587 11
0 0.399173 0.155431 0.0351582 0.0582266 12
