0 0.398441 0.0409336 0.0346401 0.0514558 1
0 0.662325 0.105784 0.0326727 0.0587387 2
0 0.57353 0.0995491 0.0328609 0.0585243 3
0 0.302747 0.0354952 0.0357114 0.0536293 4
0 0.466892 0.0916944 0.0344087 0.0609722 5
0 0.613954 0.184227 0.0329357 0.0500752 6
0 0.745863 0.130544 0.0304983 0.0573112 7
0 0.30316 0.156353 0.0357051 0.0575118 8
0 0.702373 0.188868 0.0317883 0.0490399 9
0 0.615302 0.049351 0.0323853 0.0478504 10
0 0.511658 0.173867 0.0317492 0.0534455 11
0 0.39929 0.155283 0.0351765 0.0580164 12
