0 0.398586 0.040818 0.0343847 0.0510496 1
0 0.662567 0.105528 0.0327092 0.0585652 2
0 0.573789 0.0994498 0.0327983 0.0588498 3
0 0.302984 0.0353402 0.0357192 0.0537834 4
0 0.466994 0.0917152 0.0343868 0.0611637 5
0 0.614141 0.184032 0.0328591 0.0497391 6
0 0.746009 0.130374 0.0304904 0.0569349 7
0 0.303351 0.156374 0.0356295 0.0575491 8
0 0.702656 0.188637 0.0316502 0.0488914 9
0 0.615463 0.0489791 0.0320446 0.0472889 10
0 0.511855 0.173819 0.0316354 0.0532632 11
0 0.399452 0.155279 0.0350147 0.0579911 12
