0 0.399018 0.0702136 0.0342982 0.0500719 1
0 0.66243 0.137324 0.0317072 0.0593444 2
0 0.573893 0.129248 0.0325222 0.0587737 3
0 0.30279 0.0655941 0.0363864 0.0529446 4
0 0.4674 0.123681 0.0339926 0.062668 5
0 0.613552 0.215976 0.0335358 0.0520227 6
0 0.745832 0.162836 0.0316297 0.0595202 7
0 0.30273 0.186883 0.0368868 0.059921 8
0 0.702267 0.220082 0.0322058 0.0502658 9
0 0.616278 0.0823583 0.0327936 0.0507016 10
0 0.51145 0.204584 0.0322999 0.0537976 11
0 0.399234 0.187121 0.0360054 0.0589552 12
