0 0.3986 0.0410103 0.0344873 0.0514208 1
0 0.662567 0.105623 0.0325154 0.0584428 2
0 0.573809 0.0997082 0.0325676 0.0581712 3
0 0.302816 0.0355701 0.0355701 0.0539574 4
0 0.467013 0.0918524 0.0343689 0.0609527 5
0 0.614088 0.184253 0.0328635 0.0497718 6
0 0.74604 0.130624 0.0306509 0.0568721 7
0 0.303351 0.156785 0.0356946 0.057708 8
0 0.702586 0.188867 0.0317442 0.0489546 9
0 0.615478 0.0492456 0.0322465 0.0477604 10
0 0.511853 0.174153 0.0317104 0.0532294 11
0 0.399411 0.15541 0.035025 0.0580112 12
