0 0.560445 0.827859 0.0307533 0.0550739 14
0 0.346665 0.79803 0.0339893 0.0592951 15
0 0.251325 0.785224 0.0362343 0.0614931 16
0 0.514881 0.87839 0.0330949 0.0584995 17
0 0.601507 0.892748 0.0305785 0.0558269 18
0 0.410071 0.861369 0.0334043 0.0606768 19
0 0.680049 0.924406 0.0297624 0.0519421 20
0 0.337401 0.912168 0.0352187 0.0475158 21
0 0.241593 0.903508 0.0348805 0.0450554 22
0 0.44759 0.936923 0.0319682 0.0388717 23
0 0.547462 0.95301 0.0322718 0.0346922 24
0 0.632502 0.966489 0.0333744 0.0342919 25
