0 0.398559 0.0409514 0.0345153 0.051447 1
0 0.662607 0.105669 0.0327473 0.0587194 2
0 0.573871 0.0995359 0.0328145 0.058961 3
0 0.30295 0.0356172 0.0356981 0.0537578 4
0 0.467039 0.0917914 0.0344105 0.0612156 5
0 0.614089 0.184244 0.0330363 0.0500827 6
0 0.746065 0.130669 0.0306766 0.0572479 7
0 0.303302 0.156666 0.0356966 0.0576765 8
0 0.702667 0.188881 0.0317148 0.0489843 9
0 0.615474 0.0491766 0.0323434 0.0479973 10
0 0.511857 0.174131 0.0317012 0.0532435 11
0 0.399501 0.155558 0.0351765 0.0580201 12
