0 0.398458 0.0408625 0.0345218 0.0514802 1
0 0.662307 0.105601 0.0327356 0.0589883 2
0 0.573511 0.0996164 0.0329496 0.0589213 3
0 0.302708 0.0354343 0.0357914 0.0539127 4
0 0.466939 0.0918084 0.0342731 0.0608407 5
0 0.613882 0.184149 0.0329468 0.0500867 6
0 0.745739 0.130648 0.030623 0.0573016 7
0 0.303053 0.156603 0.0357086 0.0576071 8
0 0.702237 0.188806 0.0317002 0.0489252 9
0 0.61522 0.0491891 0.0323562 0.047803 10
0 0.511537 0.174197 0.03157 0.0531204 11
0 0.399196 0.155524 0.0351565 0.0580421 12
