0 0.398284 0.0409152 0.0343007 0.0511661 1
0 0.662359 0.105662 0.0325785 0.0584268 2
0 0.573651 0.0995073 0.0328276 0.0584562 3
0 0.30263 0.0354867 0.0357889 0.0539442 4
0 0.466923 0.0919259 0.0342972 0.0605437 5
0 0.61397 0.184189 0.0328836 0.0499176 6
0 0.745898 0.13071 0.0304681 0.0569487 7
0 0.303093 0.156669 0.0357354 0.0576889 8
0 0.70238 0.188803 0.0317106 0.0489756 9
0 0.615266 0.0492133 0.0322748 0.0477285 10
0 0.511647 0.174105 0.0317555 0.0531392 11
0 0.39926 0.155527 0.0349566 0.0578504 12
