0 0.398311 0.0408475 0.0343755 0.0512296 1
0 0.662292 0.105622 0.032605 0.0584547 2
0 0.573568 0.0996921 0.032986 0.0587083 3
0 0.302556 0.0352558 0.0355363 0.0535552 4
0 0.466841 0.0918811 0.0343225 0.0606029 5
0 0.613939 0.184076 0.0328557 0.0499061 6
0 0.745858 0.130658 0.030391 0.0567847 7
0 0.303044 0.156475 0.0357559 0.0577401 8
0 0.702308 0.188816 0.0316425 0.0488879 9
0 0.615223 0.0491407 0.0321492 0.0474858 10
0 0.511569 0.174046 0.0318483 0.0534429 11
0 0.39916 0.155441 0.0350381 0.0580023 12
