0 0.398351 0.040825 0.0344762 0.051193 1
0 0.662253 0.105669 0.032635 0.05867 2
0 0.573401 0.0994909 0.0330018 0.0587275 3
0 0.302744 0.0353657 0.0356679 0.0535688 4
0 0.466912 0.0916383 0.0343472 0.0608653 5
0 0.613873 0.184149 0.0328769 0.0499591 6
0 0.745801 0.130506 0.0304425 0.0572408 7
0 0.303068 0.156433 0.0356914 0.0574808 8
0 0.702334 0.188792 0.031705 0.0488883 9
0 0.61519 0.0490648 0.0322606 0.0476063 10
0 0.511523 0.173969 0.0317577 0.0534461 11
0 0.399162 0.155281 0.0351714 0.057976 12
