0 0.398415 0.0410429 0.0344361 0.0512349 1
0 0.662346 0.105718 0.032604 0.0586068 2
0 0.573552 0.0996678 0.0328568 0.0587991 3
0 0.302796 0.0356525 0.0356866 0.0537556 4
0 0.466962 0.0917966 0.034466 0.0610454 5
0 0.613908 0.184234 0.0328378 0.0497465 6
0 0.745814 0.130899 0.0305242 0.0571611 7
0 0.303194 0.156618 0.0357602 0.057545 8
0 0.702286 0.189005 0.0316944 0.0488981 9
0 0.615302 0.0494357 0.0322177 0.0476761 10
0 0.511696 0.174199 0.0317976 0.0532217 11
0 0.399241 0.155615 0.0351516 0.058099 12
