0 0.398498 0.0410074 0.0344208 0.0513236 1
0 0.662528 0.105679 0.0325607 0.0584985 2
0 0.57375 0.09981 0.0327568 0.0586334 3
0 0.302839 0.0355402 0.0355835 0.0539224 4
0 0.467043 0.0917746 0.0344347 0.0610354 5
0 0.61411 0.184234 0.0328821 0.0498211 6
0 0.746042 0.13077 0.0306427 0.0569646 7
0 0.303283 0.156839 0.0355971 0.0575354 8
0 0.70263 0.189008 0.0317485 0.0489504 9
0 0.615388 0.0493567 0.032131 0.0475713 10
0 0.511874 0.174263 0.0316485 0.0531201 11
0 0.399448 0.155552 0.0349126 0.0578224 12
