0 0.39841 0.0408731 0.034479 0.051226 1
0 0.662346 0.105663 0.0326868 0.0587399 2
0 0.573553 0.0996476 0.0328832 0.0587594 3
0 0.302805 0.0355316 0.0355399 0.0533743 4
0 0.466971 0.0917142 0.0344585 0.0611007 5
0 0.613922 0.184092 0.0328536 0.0498408 6
0 0.745829 0.130612 0.0304708 0.0572255 7
0 0.303136 0.156523 0.0356954 0.0575123 8
0 0.702401 0.188889 0.0316598 0.0488602 9
0 0.615347 0.0492377 0.0321859 0.0476534 10
0 0.511654 0.174017 0.0317387 0.0533767 11
0 0.399229 0.155321 0.0351416 0.0579577 12
