0 0.398314 0.0407445 0.0344774 0.051473 1
0 0.662175 0.105741 0.0327365 0.0589572 2
0 0.573477 0.0995953 0.0328865 0.0589905 3
0 0.302589 0.0355577 0.0356208 0.0536952 4
0 0.46682 0.0919408 0.0342171 0.0606587 5
0 0.613762 0.184197 0.0329013 0.0500033 6
0 0.745742 0.130517 0.0305894 0.0575351 7
0 0.30306 0.156463 0.0356816 0.0575778 8
0 0.702141 0.18875 0.0317795 0.0490685 9
0 0.61517 0.049378 0.0324526 0.0479527 10
0 0.511498 0.174053 0.0318992 0.0535548 11
0 0.399116 0.155477 0.0352868 0.0581912 12
