0 0.398529 0.141532 0.0353643 0.0529598 1
0 0.661143 0.209197 0.0318038 0.0589026 2
0 0.572734 0.202892 0.0328843 0.0585774 3
0 0.302744 0.135632 0.0359329 0.0539008 4
0 0.466635 0.194555 0.0330959 0.0604727 5
0 0.612407 0.286296 0.0322739 0.0501222 6
0 0.744825 0.234866 0.0306346 0.0567728 7
0 0.301715 0.25673 0.0353175 0.0572966 8
0 0.700567 0.291592 0.0323619 0.0484016 9
0 0.615025 0.153232 0.0321175 0.0474573 10
0 0.510282 0.276055 0.0323637 0.0530517 11
0 0.398141 0.257037 0.0356304 0.0590093 12
