0 0.398417 0.0410624 0.0344321 0.0511118 1
0 0.662365 0.105693 0.0326302 0.0587672 2
0 0.573543 0.0996867 0.0329231 0.058908 3
0 0.302818 0.035505 0.0356546 0.0537426 4
0 0.466935 0.0919046 0.0343393 0.0608441 5
0 0.613901 0.184207 0.0328475 0.049746 6
0 0.745801 0.13077 0.030463 0.0570347 7
0 0.303147 0.156668 0.0357132 0.0575892 8
0 0.702279 0.188936 0.0317348 0.0490055 9
0 0.615343 0.0493125 0.0321849 0.0477245 10
0 0.511686 0.174225 0.0317729 0.05334 11
0 0.39929 0.155516 0.0351855 0.0581141 12
