0 0.398308 0.0409481 0.03439 0.0513326 1
0 0.662246 0.105825 0.0326708 0.0587807 2
0 0.57344 0.0996681 0.0328642 0.0587782 3
0 0.302671 0.0356124 0.0356534 0.0538332 4
0 0.466898 0.0919624 0.0344392 0.0609593 5
0 0.613833 0.184318 0.0329272 0.0500507 6
0 0.745715 0.130815 0.0305378 0.0571798 7
0 0.303008 0.156642 0.0356803 0.0574847 8
0 0.702151 0.188993 0.0317701 0.049007 9
0 0.615169 0.0494001 0.0323636 0.0478509 10
0 0.5115 0.174191 0.0318145 0.0532393 11
0 0.399209 0.155698 0.0351926 0.0580461 12
