0 0.398471 0.0409664 0.0345677 0.0515054 1
0 0.662414 0.105598 0.0327188 0.0587225 2
0 0.573699 0.0995186 0.0327818 0.0587982 3
0 0.30267 0.0353652 0.0355978 0.0537418 4
0 0.466931 0.0918519 0.0343579 0.0608876 5
0 0.613999 0.184111 0.0329911 0.0500247 6
0 0.745996 0.130683 0.0305467 0.0570245 7
0 0.303145 0.156547 0.0357125 0.0576243 8
0 0.702557 0.188808 0.0317503 0.0489487 9
0 0.615336 0.0491073 0.0322798 0.0478641 10
0 0.511699 0.174007 0.0319123 0.0534539 11
0 0.399293 0.155438 0.0350618 0.0581295 12
