0 0.398562 0.0408448 0.0346198 0.0515523 1
0 0.662472 0.105588 0.0327305 0.0587207 2
0 0.573629 0.0995891 0.032821 0.0588191 3
0 0.302861 0.0355869 0.0356866 0.0536683 4
0 0.466977 0.091926 0.0343902 0.0612662 5
0 0.613963 0.184129 0.0329798 0.0500108 6
0 0.74588 0.13071 0.0305977 0.0569026 7
0 0.303229 0.156631 0.0356414 0.0575406 8
0 0.702446 0.188977 0.0317804 0.0490119 9
0 0.61544 0.0492868 0.0322363 0.047884 10
0 0.511695 0.174011 0.0317579 0.0534407 11
0 0.399372 0.155393 0.0350181 0.0579205 12
