0 0.39836 0.0408773 0.0344031 0.0514021 1
0 0.662333 0.105563 0.032612 0.0585685 2
0 0.573581 0.0993572 0.0328671 0.0587414 3
0 0.302686 0.035355 0.03568 0.0537983 4
0 0.466883 0.0916844 0.0343909 0.0608298 5
0 0.613952 0.184057 0.0329879 0.0501111 6
0 0.745807 0.130792 0.0304787 0.0570464 7
0 0.303058 0.156507 0.0356321 0.057532 8
0 0.702367 0.188809 0.0316786 0.0489239 9
0 0.61525 0.0491356 0.0321738 0.0475219 10
0 0.511702 0.174031 0.0319311 0.0533723 11
0 0.399218 0.155288 0.0349327 0.0579382 12
