0 0.39846 0.04109 0.0343436 0.051239 1
0 0.662461 0.105752 0.0327649 0.0588416 2
0 0.573684 0.0996527 0.0329723 0.0587838 3
0 0.302806 0.0355534 0.0355392 0.0536905 4
0 0.466979 0.0918978 0.0346095 0.0611645 5
0 0.614022 0.18426 0.0329322 0.0499154 6
0 0.745938 0.130782 0.0306352 0.05723 7
0 0.303233 0.156694 0.0355181 0.0574032 8
0 0.702446 0.188926 0.0317102 0.0489065 9
0 0.615391 0.0492531 0.0323151 0.0477719 10
0 0.511782 0.174299 0.031823 0.0533522 11
0 0.399327 0.155534 0.0351224 0.0581992 12
