0 0.398611 0.0410856 0.0345682 0.0513324 1
0 0.662467 0.10547 0.0326022 0.0585757 2
0 0.573651 0.0998286 0.0327928 0.058901 3
0 0.302874 0.0356064 0.0357138 0.0537949 4
0 0.467015 0.0919618 0.034408 0.0610406 5
0 0.614044 0.184306 0.0329039 0.0497664 6
0 0.745822 0.130832 0.0305376 0.057059 7
0 0.303342 0.156572 0.0356727 0.0574704 8
0 0.702457 0.188894 0.0316971 0.0489409 9
0 0.615447 0.049393 0.0320958 0.0476317 10
0 0.511804 0.174158 0.0316602 0.0531988 11
0 0.39942 0.155514 0.0351733 0.0579662 12
