0 0.398708 0.105915 0.0352769 0.0522554 1
0 0.661689 0.173292 0.0314374 0.0591171 2
0 0.573066 0.165965 0.0321732 0.0581968 3
0 0.302966 0.100125 0.0351042 0.0524767 4
0 0.467039 0.157978 0.0325993 0.0597297 5
0 0.613039 0.250988 0.0327606 0.0512367 6
0 0.745197 0.198474 0.0308716 0.0577144 7
0 0.302397 0.221955 0.0362329 0.0593852 8
0 0.701275 0.255796 0.0317456 0.048965 9
0 0.615177 0.116942 0.0317911 0.0481261 10
0 0.510753 0.240025 0.0325432 0.0535933 11
0 0.398615 0.221734 0.0358382 0.0590626 12
