0 0.394866 0.503312 0.0346536 0.0543444 1
0 0.656253 0.56577 0.0318039 0.0571272 2
0 0.568301 0.56153 0.0323622 0.0578776 3
0 0.299361 0.500001 0.0355953 0.0577028 4
0 0.462047 0.556654 0.0326292 0.0590131 5
0 0.607635 0.63962 0.0317751 0.0448122 6
0 0.738969 0.588796 0.0310632 0.0571725 7
0 0.297846 0.620306 0.0347481 0.0530669 8
0 0.694831 0.643187 0.0316589 0.0435377 9
0 0.610532 0.507986 0.0315568 0.0516389 10
0 0.505433 0.633248 0.0315043 0.0486885 11
0 0.393453 0.617852 0.0343734 0.0545486 12
