0 0.398424 0.0410858 0.0343706 0.0511129 1
0 0.662346 0.105756 0.0326713 0.0587624 2
0 0.573537 0.0997656 0.0328366 0.0587862 3
0 0.302812 0.0355466 0.0357065 0.0537892 4
0 0.466947 0.0919382 0.0344266 0.0610032 5
0 0.61388 0.184238 0.0328028 0.0496818 6
0 0.745749 0.130796 0.0304536 0.057061 7
0 0.303161 0.156672 0.0357578 0.057558 8
0 0.702258 0.188989 0.0317515 0.0489863 9
0 0.615326 0.0493878 0.0322838 0.0478122 10
0 0.511638 0.174262 0.0318517 0.0533396 11
0 0.399271 0.155492 0.0351935 0.0582028 12
