0 0.398605 0.0410782 0.0344845 0.0511843 1
0 0.66264 0.105599 0.0328565 0.0588931 2
0 0.57385 0.0994853 0.0327521 0.0589973 3
0 0.302984 0.0355992 0.0357116 0.0537754 4
0 0.467042 0.0919079 0.0344251 0.0611579 5
0 0.614148 0.184177 0.033011 0.0500236 6
0 0.746101 0.130693 0.0306368 0.0570324 7
0 0.303377 0.156601 0.0356354 0.0575129 8
0 0.702621 0.188761 0.0316728 0.048914 9
0 0.615544 0.0490999 0.0321361 0.0477461 10
0 0.511946 0.174125 0.0317509 0.053187 11
0 0.39946 0.155407 0.0351567 0.0580842 12
