0 0.398502 0.0408623 0.0345323 0.051446 1
0 0.662485 0.105591 0.0326857 0.0586552 2
0 0.573618 0.0996342 0.0327548 0.0586882 3
0 0.302866 0.0356278 0.0357205 0.0537122 4
0 0.466972 0.0918719 0.0343255 0.0611031 5
0 0.613961 0.184123 0.0329426 0.0499891 6
0 0.745861 0.130674 0.0305523 0.0568522 7
0 0.303212 0.156659 0.0356688 0.0575887 8
0 0.702423 0.188952 0.0317366 0.0489274 9
0 0.615394 0.0492984 0.0321785 0.0477706 10
0 0.511679 0.174034 0.0317416 0.0533756 11
0 0.399385 0.155389 0.0351057 0.0580459 12
