0 0.398597 0.0408914 0.0344832 0.0512252 1
0 0.662585 0.105515 0.0327625 0.0588129 2
0 0.573795 0.0994631 0.0327883 0.0587745 3
0 0.302872 0.0353351 0.0356194 0.053523 4
0 0.467046 0.0917562 0.0342353 0.0608794 5
0 0.614122 0.184146 0.0329357 0.0499813 6
0 0.745979 0.130475 0.0304729 0.0570246 7
0 0.30332 0.15634 0.0356867 0.0575933 8
0 0.70259 0.188426 0.0316855 0.0489713 9
0 0.615474 0.0490796 0.0322453 0.0477016 10
0 0.51189 0.173765 0.0316569 0.0532577 11
0 0.399424 0.155353 0.035093 0.0580366 12
