0 0.573096 0.820423 0.0302318 0.0533965 14
0 0.358039 0.803551 0.034881 0.0592441 15
0 0.262309 0.796696 0.0351645 0.0596081 16
0 0.528163 0.873167 0.0341062 0.0595933 17
0 0.614769 0.882084 0.031161 0.0558836 18
0 0.422778 0.862713 0.0327525 0.0612784 19
0 0.695425 0.907546 0.0298088 0.0525544 20
0 0.351758 0.91832 0.0361265 0.0466782 21
0 0.255647 0.91717 0.0363142 0.0446443 22
0 0.462163 0.936681 0.0340793 0.0389854 23
0 0.562535 0.948408 0.0350564 0.0360364 24
0 0.648214 0.954752 0.0331708 0.0342764 25
