0 0.398298 0.0409064 0.0343839 0.0512718 1
0 0.6623 0.10566 0.0326694 0.0586014 2
0 0.573603 0.0996225 0.0330095 0.0588501 3
0 0.302636 0.0353542 0.0355515 0.0535466 4
0 0.466878 0.0917686 0.0343095 0.0605529 5
0 0.613944 0.184166 0.0329319 0.050008 6
0 0.745832 0.130569 0.0303331 0.0567054 7
0 0.303089 0.156617 0.0357163 0.0576314 8
0 0.702331 0.1889 0.0317086 0.0489726 9
0 0.615202 0.0491051 0.0322902 0.0476915 10
0 0.511584 0.174121 0.0317872 0.053281 11
0 0.39917 0.15541 0.0351341 0.0581986 12
