0 0.398307 0.0409156 0.0346561 0.0513125 1
0 0.662224 0.105695 0.0326018 0.0586746 2
0 0.573387 0.0997472 0.0328367 0.0584571 3
0 0.302737 0.0354671 0.0355594 0.0536989 4
0 0.466924 0.0917359 0.0342559 0.0606188 5
0 0.613885 0.184134 0.0328048 0.0497681 6
0 0.745821 0.13069 0.0307538 0.0574383 7
0 0.303087 0.156597 0.0356689 0.0575184 8
0 0.702277 0.188951 0.0316537 0.0488569 9
0 0.615281 0.0491317 0.032004 0.0473842 10
0 0.511568 0.173997 0.0316494 0.0531808 11
0 0.399207 0.155384 0.0351066 0.0577907 12
