0 0.398392 0.0409847 0.0343324 0.0512355 1
0 0.662491 0.1057 0.0326476 0.0586017 2
0 0.573685 0.0995781 0.0329335 0.0586757 3
0 0.30276 0.0355165 0.0354671 0.0536236 4
0 0.467003 0.0919824 0.0344482 0.0608478 5
0 0.61404 0.184226 0.0327423 0.0495639 6
0 0.745893 0.130749 0.0305681 0.0571151 7
0 0.303264 0.156603 0.0355699 0.057467 8
0 0.702471 0.188915 0.0317351 0.0489354 9
0 0.615329 0.049176 0.0321518 0.0475117 10
0 0.511758 0.174135 0.0317305 0.0531843 11
0 0.399317 0.155638 0.0348067 0.0576206 12
