0 0.398649 0.041051 0.0345408 0.051257 1
0 0.662648 0.105594 0.0328465 0.0589272 2
0 0.57388 0.0996151 0.0328161 0.0590828 3
0 0.303003 0.0356556 0.0357255 0.0537652 4
0 0.467089 0.0919811 0.0344117 0.0611165 5
0 0.614155 0.184256 0.0329547 0.0499077 6
0 0.746125 0.130792 0.0307612 0.0571777 7
0 0.303396 0.1566 0.0356724 0.0575798 8
0 0.702669 0.188843 0.0316532 0.0488809 9
0 0.615565 0.0491795 0.0322614 0.0479079 10
0 0.511983 0.174185 0.0318604 0.0533287 11
0 0.399509 0.155448 0.0351913 0.0581908 12
