0 0.398283 0.0408933 0.0344033 0.0513935 1
0 0.662226 0.105691 0.0326575 0.0587348 2
0 0.573413 0.0996668 0.0329347 0.058984 3
0 0.302671 0.035547 0.0357048 0.0538627 4
0 0.466849 0.0918354 0.0343784 0.0608481 5
0 0.613822 0.184291 0.0329338 0.0500174 6
0 0.745711 0.130753 0.0305409 0.0574108 7
0 0.303 0.156555 0.0356401 0.057439 8
0 0.702193 0.188921 0.0317467 0.0490126 9
0 0.615144 0.0493456 0.0323379 0.0477737 10
0 0.511472 0.17402 0.0317786 0.0533818 11
0 0.399177 0.155563 0.0351699 0.0579903 12
