0 0.398267 0.0409028 0.0344378 0.0514453 1
0 0.662212 0.10568 0.0326232 0.058709 2
0 0.573427 0.0996136 0.0329256 0.059054 3
0 0.302655 0.0353903 0.0357224 0.0538393 4
0 0.466899 0.0918888 0.0342906 0.0607553 5
0 0.61382 0.184208 0.0328607 0.0499211 6
0 0.745667 0.13064 0.0304491 0.0572752 7
0 0.302997 0.156572 0.0357503 0.0576685 8
0 0.702195 0.188839 0.0317573 0.0490217 9
0 0.61516 0.0493305 0.0322789 0.0476965 10
0 0.51145 0.17411 0.031785 0.053371 11
0 0.399158 0.155469 0.0352778 0.0581717 12
