0 0.398738 0.0407932 0.0345008 0.0512429 1
0 0.662751 0.10544 0.0329471 0.0589024 2
0 0.573945 0.0995731 0.0327894 0.0590294 3
0 0.302978 0.0353608 0.0356392 0.0535709 4
0 0.46704 0.0915817 0.0343009 0.0612374 5
0 0.614209 0.184117 0.0330039 0.0499023 6
0 0.746211 0.130434 0.0309459 0.0574432 7
0 0.303417 0.15645 0.0355051 0.0574727 8
0 0.702721 0.188501 0.0315725 0.0488322 9
0 0.615512 0.0489889 0.0322739 0.047758 10
0 0.512019 0.173839 0.0315485 0.0533208 11
0 0.39953 0.155271 0.0349973 0.0580944 12
