0 0.398442 0.0410003 0.0344745 0.0512362 1
0 0.662368 0.105665 0.0326203 0.0587061 2
0 0.573523 0.0997381 0.0328629 0.058804 3
0 0.302799 0.0356024 0.0356895 0.0538087 4
0 0.466987 0.0918575 0.0343086 0.0607652 5
0 0.613881 0.184205 0.032872 0.0498093 6
0 0.745799 0.130816 0.030479 0.0570986 7
0 0.303131 0.156663 0.0358093 0.0577409 8
0 0.702292 0.188935 0.031716 0.048966 9
0 0.615357 0.0493406 0.0321704 0.0477027 10
0 0.511714 0.174173 0.0318668 0.0534241 11
0 0.399264 0.155579 0.0350883 0.0579329 12
