0 0.398704 0.0409243 0.0345577 0.0513098 1
0 0.662816 0.105389 0.0329006 0.058707 2
0 0.573995 0.0995552 0.0326864 0.0588009 3
0 0.303076 0.035442 0.0357606 0.0537689 4
0 0.467144 0.0917856 0.0343765 0.0613202 5
0 0.614251 0.184126 0.0328223 0.0496701 6
0 0.746232 0.13041 0.0306213 0.0569394 7
0 0.303462 0.156492 0.0355365 0.0574816 8
0 0.702773 0.18866 0.0315099 0.0487462 9
0 0.615609 0.0489152 0.0321995 0.0476634 10
0 0.512031 0.173955 0.0316123 0.0534 11
0 0.399569 0.155304 0.0349303 0.057976 12
