0 0.392809 0.656444 0.035077 0.0567151 1
0 0.654372 0.715219 0.031881 0.058158 2
0 0.566252 0.712441 0.0316936 0.0565648 3
0 0.297527 0.65693 0.0356298 0.0587713 4
0 0.459963 0.708797 0.0329192 0.0590152 5
0 0.605318 0.788381 0.0312895 0.0430216 6
0 0.737135 0.737904 0.0292031 0.0542608 7
0 0.296051 0.775776 0.0341152 0.0503732 8
0 0.693214 0.790777 0.0310159 0.0427271 9
0 0.608784 0.657571 0.0320839 0.0526908 10
0 0.503093 0.783386 0.0309912 0.0468313 11
0 0.391858 0.772439 0.0345378 0.0537938 12
