0 0.398488 0.0410332 0.034365 0.0512521 1
0 0.662478 0.105695 0.0327807 0.0588762 2
0 0.573682 0.0996544 0.0329872 0.0588157 3
0 0.302831 0.035586 0.0354492 0.0535787 4
0 0.467017 0.091907 0.0345746 0.0611027 5
0 0.614034 0.184224 0.0328949 0.0498283 6
0 0.745968 0.130731 0.0306413 0.0572695 7
0 0.303219 0.156655 0.0355696 0.0574689 8
0 0.702459 0.188868 0.0317846 0.0490164 9
0 0.615369 0.0492186 0.0323378 0.0478206 10
0 0.511777 0.17423 0.0318072 0.0533455 11
0 0.399349 0.155586 0.0350777 0.0581196 12
