0 0.398285 0.0408321 0.0344193 0.0511737 1
0 0.662212 0.105599 0.0325982 0.0586334 2
0 0.573433 0.0994878 0.0327483 0.0582702 3
0 0.302735 0.0353323 0.0356201 0.0536146 4
0 0.466873 0.0916037 0.0343007 0.0607804 5
0 0.613895 0.184088 0.032822 0.0498989 6
0 0.745794 0.130583 0.0304615 0.0571703 7
0 0.303076 0.156424 0.0356389 0.0574142 8
0 0.702283 0.188763 0.0315802 0.0486958 9
0 0.615193 0.0490957 0.0320886 0.0475153 10
0 0.511531 0.173965 0.0317817 0.0534134 11
0 0.399175 0.155224 0.0352743 0.0581272 12
