0 0.398346 0.0409039 0.0343966 0.0512724 1
0 0.662272 0.105618 0.0327472 0.05877 2
0 0.573515 0.0995135 0.0330902 0.0589756 3
0 0.302751 0.0354905 0.035595 0.0536153 4
0 0.466906 0.0917871 0.0345508 0.0610207 5
0 0.613909 0.184124 0.0329165 0.0499695 6
0 0.745838 0.1306 0.0305654 0.0571852 7
0 0.303021 0.156581 0.0356595 0.0575595 8
0 0.702299 0.188748 0.0316841 0.0489599 9
0 0.615199 0.0491277 0.0323786 0.04782 10
0 0.511562 0.174145 0.0317662 0.0532856 11
0 0.399221 0.155445 0.0351636 0.0582107 12
