0 0.398363 0.0409649 0.0343719 0.0512076 1
0 0.662222 0.105798 0.0326677 0.0587351 2
0 0.573452 0.0997254 0.0328377 0.0587231 3
0 0.30273 0.0356009 0.0356427 0.0536922 4
0 0.466912 0.0919297 0.0345281 0.0611346 5
0 0.613846 0.184261 0.0328624 0.0498663 6
0 0.745723 0.130788 0.0305599 0.0572251 7
0 0.30307 0.156622 0.0356903 0.0573924 8
0 0.7022 0.188931 0.0317707 0.0490455 9
0 0.615214 0.0493813 0.0324516 0.0480795 10
0 0.511571 0.174183 0.0318348 0.053254 11
0 0.399202 0.155642 0.035179 0.0580281 12
