0 0.396849 0.283567 0.0344459 0.0540436 1
0 0.659109 0.350256 0.0321196 0.0593903 2
0 0.570954 0.34387 0.0324677 0.0589246 3
0 0.301291 0.278495 0.0358861 0.0555812 4
0 0.464959 0.336474 0.0329606 0.0600296 5
0 0.610634 0.42551 0.0326095 0.0489581 6
0 0.742724 0.374 0.0309875 0.056571 7
0 0.300225 0.399355 0.0349763 0.0544103 8
0 0.697945 0.429947 0.034117 0.0471492 9
0 0.613616 0.293008 0.0330372 0.0514656 10
0 0.508326 0.416186 0.0309842 0.0499594 11
0 0.396477 0.398703 0.0344704 0.0564771 12
