0 0.398539 0.040853 0.0344093 0.0511991 1
0 0.662554 0.10563 0.0328262 0.0588979 2
0 0.573764 0.0995247 0.0329092 0.0589504 3
0 0.302886 0.035548 0.0356198 0.0537094 4
0 0.467045 0.0917647 0.0344881 0.0612476 5
0 0.614034 0.184204 0.0329785 0.0499803 6
0 0.746051 0.130603 0.0306141 0.0570921 7
0 0.303239 0.156579 0.0355999 0.0574714 8
0 0.702599 0.188906 0.0317983 0.0490604 9
0 0.615407 0.0492535 0.0323923 0.0480215 10
0 0.511807 0.174047 0.0317534 0.0532783 11
0 0.399347 0.155498 0.0351575 0.0581671 12
