0 0.398671 0.0408111 0.0344079 0.0509924 1
0 0.662741 0.105373 0.0327572 0.0585997 2
0 0.573893 0.0994144 0.0325763 0.0584552 3
0 0.302906 0.0354071 0.0355846 0.0536729 4
0 0.467077 0.0917122 0.0344285 0.0611693 5
0 0.614162 0.184058 0.0329057 0.0496618 6
0 0.746122 0.130508 0.0305344 0.0569863 7
0 0.303446 0.156412 0.0355578 0.0574699 8
0 0.70274 0.188603 0.0316042 0.048754 9
0 0.615552 0.0489758 0.0320333 0.0473582 10
0 0.511942 0.173866 0.0317074 0.0533662 11
0 0.399559 0.155168 0.0349225 0.0578608 12
