0 0.394687 0.511583 0.0347753 0.054734 1
0 0.656355 0.574037 0.0320585 0.0575476 2
0 0.568165 0.569827 0.0325907 0.0581956 3
0 0.299093 0.508646 0.0357553 0.0580667 4
0 0.461972 0.564774 0.0329814 0.0596381 5
0 0.607508 0.647566 0.0322996 0.0454639 6
0 0.738763 0.597015 0.0313329 0.0578733 7
0 0.297679 0.628696 0.0346603 0.0528216 8
0 0.694556 0.65101 0.0316938 0.0433343 9
0 0.610564 0.516052 0.0314045 0.0512056 10
0 0.505099 0.641381 0.0318899 0.0492037 11
0 0.393455 0.626011 0.0344941 0.0546302 12
