0 0.398688 0.0408521 0.0345453 0.0513273 1
0 0.66274 0.105306 0.0329606 0.0589096 2
0 0.57393 0.0996144 0.0327506 0.0589773 3
0 0.303026 0.035412 0.035621 0.0535656 4
0 0.467093 0.091718 0.0343536 0.0613586 5
0 0.614234 0.184134 0.0329517 0.0498249 6
0 0.74621 0.130413 0.0307062 0.0570346 7
0 0.303396 0.156512 0.03554 0.0575382 8
0 0.70268 0.188572 0.0315844 0.048868 9
0 0.615519 0.048808 0.0322367 0.0477137 10
0 0.511969 0.173879 0.0316028 0.053416 11
0 0.399514 0.155413 0.0350376 0.0582074 12
