0 0.398488 0.0408996 0.0346191 0.0513779 1
0 0.662451 0.10559 0.032652 0.0587234 2
0 0.573682 0.0994936 0.0326227 0.0584115 3
0 0.30296 0.0354514 0.0356358 0.0535081 4
0 0.466966 0.0918017 0.0343384 0.0609225 5
0 0.613996 0.184138 0.0328872 0.0499369 6
0 0.745885 0.130397 0.0303998 0.0570034 7
0 0.303295 0.156438 0.035657 0.0574433 8
0 0.702512 0.188791 0.0316802 0.0489604 9
0 0.615409 0.049122 0.0321277 0.0475384 10
0 0.511781 0.173965 0.0317055 0.05336 11
0 0.399401 0.155323 0.0350775 0.0578839 12
