0 0.398326 0.0408341 0.0345224 0.0512338 1
0 0.662236 0.105591 0.0325874 0.0586655 2
0 0.573371 0.0996481 0.0328786 0.0585716 3
0 0.302684 0.0353488 0.0355723 0.0536693 4
0 0.466897 0.0914922 0.0343717 0.0609177 5
0 0.613888 0.184062 0.0328861 0.0499083 6
0 0.745732 0.130452 0.0304684 0.0571374 7
0 0.303098 0.156465 0.0356881 0.0575109 8
0 0.702273 0.188763 0.0317062 0.0489711 9
0 0.615222 0.0491927 0.0321993 0.0476675 10
0 0.5115 0.173895 0.0318633 0.0535378 11
0 0.399151 0.155156 0.0352776 0.0580657 12
