0 0.398533 0.0409162 0.034588 0.0514968 1
0 0.662522 0.10563 0.0327373 0.0587401 2
0 0.573739 0.0995501 0.032836 0.0588269 3
0 0.302818 0.0355139 0.035667 0.0538322 4
0 0.466977 0.0918652 0.0344944 0.0612634 5
0 0.614037 0.184192 0.0328728 0.0497921 6
0 0.746023 0.13081 0.030567 0.0569751 7
0 0.303199 0.156607 0.0356251 0.0575289 8
0 0.702532 0.188915 0.0318195 0.0491103 9
0 0.615418 0.0492294 0.0322882 0.0478622 10
0 0.511836 0.174097 0.03182 0.0534138 11
0 0.399327 0.15544 0.0351058 0.0580958 12
