0 0.398287 0.0408495 0.0344741 0.0511985 1
0 0.662212 0.105582 0.0325709 0.0586318 2
0 0.573387 0.0995939 0.0325969 0.0580047 3
0 0.302649 0.035306 0.0354768 0.0534482 4
0 0.466928 0.0916525 0.0342567 0.0607069 5
0 0.613848 0.184093 0.0328533 0.0498717 6
0 0.745724 0.130428 0.0304585 0.0571493 7
0 0.303124 0.156414 0.0356904 0.0575327 8
0 0.702259 0.188775 0.0316653 0.0488796 9
0 0.615244 0.0491688 0.0321517 0.0476086 10
0 0.511492 0.173925 0.0318585 0.0535602 11
0 0.399161 0.155206 0.0352592 0.0580411 12
