0 0.395238 0.494519 0.0344202 0.0538409 1
0 0.656631 0.557347 0.0323152 0.058118 2
0 0.568321 0.553238 0.0326753 0.0585583 3
0 0.299527 0.491221 0.0356085 0.0576832 4
0 0.462033 0.548209 0.0326903 0.059198 5
0 0.607727 0.631543 0.031789 0.0449662 6
0 0.739112 0.580754 0.0314023 0.0578211 7
0 0.298073 0.611788 0.0349129 0.0533952 8
0 0.694887 0.634927 0.031818 0.0438164 9
0 0.610698 0.499722 0.0317356 0.0520456 10
0 0.505292 0.624664 0.0319996 0.0496104 11
0 0.393469 0.60934 0.0346393 0.0550557 12
