0 0.398376 0.0409149 0.0343738 0.0512632 1
0 0.662255 0.105803 0.0326019 0.0586459 2
0 0.573457 0.0996677 0.0328338 0.0587529 3
0 0.302683 0.0356997 0.0356503 0.0537511 4
0 0.466932 0.0919097 0.0345022 0.0610661 5
0 0.613827 0.184274 0.0328591 0.0499109 6
0 0.745722 0.1308 0.0305436 0.0571921 7
0 0.303061 0.156628 0.0357075 0.0574282 8
0 0.702182 0.188934 0.03178 0.0490511 9
0 0.615191 0.049417 0.0324441 0.0480645 10
0 0.511534 0.174174 0.031834 0.0532375 11
0 0.399204 0.155662 0.0351126 0.0579048 12
