0 0.398642 0.0410957 0.0344778 0.051358 1
0 0.662605 0.105775 0.0327052 0.0587884 2
0 0.573825 0.0996068 0.0327815 0.0586067 3
0 0.302917 0.0356619 0.0354824 0.0537767 4
0 0.4671 0.0919875 0.0344472 0.0610874 5
0 0.614092 0.184223 0.0329789 0.04999 6
0 0.746135 0.130644 0.0307766 0.0571361 7
0 0.303367 0.156743 0.0355621 0.0574566 8
0 0.702544 0.188828 0.0317853 0.0489739 9
0 0.615467 0.049256 0.032246 0.0477739 10
0 0.511869 0.174225 0.0316873 0.0532122 11
0 0.399462 0.155627 0.0350656 0.0580889 12
