0 0.398609 0.0410185 0.034514 0.0512438 1
0 0.662649 0.105599 0.0328914 0.058954 2
0 0.573827 0.0995769 0.0327844 0.0590254 3
0 0.303003 0.0355532 0.0357915 0.0539169 4
0 0.467062 0.0919221 0.0344461 0.0612123 5
0 0.614149 0.18419 0.0330142 0.0500493 6
0 0.746127 0.130698 0.0306388 0.0570426 7
0 0.303366 0.1566 0.0356425 0.057522 8
0 0.702617 0.188764 0.0316845 0.0489366 9
0 0.615493 0.0491638 0.0321536 0.0477656 10
0 0.511915 0.17414 0.0317677 0.0532001 11
0 0.399462 0.155448 0.0351455 0.0580614 12
