0 0.39855 0.040859 0.0345174 0.0513276 1
0 0.66264 0.105402 0.0327287 0.0586266 2
0 0.573824 0.0994509 0.0326869 0.0584961 3
0 0.302937 0.0353748 0.0356315 0.0535108 4
0 0.467011 0.0917731 0.034399 0.0613301 5
0 0.614104 0.18413 0.0328749 0.0497161 6
0 0.746138 0.130469 0.0306912 0.0570748 7
0 0.303305 0.156525 0.0355098 0.0574923 8
0 0.702593 0.188663 0.0316249 0.0488979 9
0 0.615445 0.0489825 0.0322537 0.0478469 10
0 0.511867 0.173867 0.0317056 0.053431 11
0 0.399427 0.155309 0.0350261 0.0581783 12
