0 0.398288 0.0408802 0.0343792 0.0513633 1
0 0.662241 0.105716 0.0326461 0.0587127 2
0 0.573421 0.0996902 0.0329305 0.0589466 3
0 0.302622 0.035529 0.0356508 0.0537826 4
0 0.466882 0.0918846 0.034303 0.0606671 5
0 0.613837 0.184294 0.0329193 0.0499831 6
0 0.745705 0.130672 0.0304678 0.0571896 7
0 0.303011 0.156582 0.0356987 0.0575503 8
0 0.702162 0.188892 0.0317385 0.048988 9
0 0.615214 0.0493418 0.0323552 0.0478683 10
0 0.511513 0.174146 0.0317509 0.0533312 11
0 0.399177 0.155546 0.0352868 0.0582495 12
