0 0.398312 0.0409884 0.0344653 0.051469 1
0 0.662235 0.105827 0.0326959 0.0588349 2
0 0.57344 0.0996589 0.0328762 0.0587888 3
0 0.302677 0.0355403 0.0355729 0.0537085 4
0 0.466886 0.0918515 0.0343711 0.0608372 5
0 0.613842 0.184327 0.0328495 0.0499211 6
0 0.745667 0.130796 0.0305726 0.057266 7
0 0.303049 0.156689 0.0356347 0.0573876 8
0 0.702204 0.189101 0.0317683 0.0490113 9
0 0.615164 0.0494457 0.0323709 0.0478798 10
0 0.511497 0.174193 0.0318618 0.0532965 11
0 0.399179 0.155629 0.0352293 0.0581305 12
