0 0.577225 0.840035 0.0304426 0.0535073 14
0 0.362067 0.829845 0.0368027 0.0604147 15
0 0.265732 0.825028 0.0364448 0.0601751 16
0 0.532373 0.893583 0.0353617 0.0587276 17
0 0.61879 0.90021 0.0324264 0.0561772 18
0 0.427065 0.88665 0.0342042 0.0606888 19
0 0.700178 0.923925 0.0306661 0.0515591 20
0 0.356274 0.944792 0.0390406 0.0464959 21
0 0.260149 0.945989 0.0386605 0.0439198 22
0 0.467222 0.960003 0.0385124 0.0401577 23
0 0.568085 0.96836 0.0393649 0.0376138 24
0 0.65455 0.972714 0.0374499 0.0368946 25
