0 0.398594 0.0407809 0.0343728 0.0510015 1
0 0.662572 0.10549 0.0327467 0.0586317 2
0 0.573795 0.0993406 0.0325853 0.0583988 3
0 0.302883 0.0353843 0.035637 0.0536882 4
0 0.466997 0.0917191 0.0343657 0.061123 5
0 0.614126 0.184008 0.0328282 0.0496744 6
0 0.746021 0.130371 0.0304876 0.0568923 7
0 0.303369 0.156384 0.03561 0.0575377 8
0 0.702653 0.188598 0.0316303 0.0488514 9
0 0.615485 0.0489837 0.0320486 0.0472745 10
0 0.511877 0.173823 0.0316547 0.0532966 11
0 0.399446 0.155282 0.0349868 0.0579651 12
