0 0.398525 0.0408707 0.0344348 0.0512916 1
0 0.662401 0.10567 0.0327583 0.058925 2
0 0.573581 0.0996261 0.0327526 0.0587103 3
0 0.302791 0.0354333 0.0357947 0.0538503 4
0 0.466927 0.0918736 0.0344317 0.0612487 5
0 0.613924 0.184203 0.0328822 0.0499776 6
0 0.745844 0.130641 0.0305496 0.0569673 7
0 0.303124 0.156607 0.0356978 0.057586 8
0 0.702375 0.188886 0.0317311 0.0489779 9
0 0.615298 0.0493146 0.0324595 0.0480766 10
0 0.511638 0.174105 0.0316525 0.0531891 11
0 0.399293 0.155462 0.0352059 0.0581643 12
