0 0.39852 0.0408624 0.0344421 0.0513202 1
0 0.662412 0.105675 0.032773 0.0589048 2
0 0.573598 0.0996418 0.0328016 0.0588009 3
0 0.302799 0.0354726 0.0357796 0.0538068 4
0 0.466932 0.0918936 0.0343983 0.0612024 5
0 0.61393 0.184189 0.0329465 0.0500522 6
0 0.745842 0.130671 0.0305561 0.0569554 7
0 0.303124 0.156613 0.0357078 0.0576351 8
0 0.702378 0.188873 0.0317437 0.0489829 9
0 0.615338 0.0492917 0.0323457 0.0479652 10
0 0.511643 0.174082 0.0316231 0.0531456 11
0 0.399299 0.155479 0.0352268 0.0582309 12
