0 0.398665 0.0408928 0.0344866 0.0512769 1
0 0.662653 0.10537 0.0327828 0.0586619 2
0 0.573857 0.0996549 0.0326521 0.0585651 3
0 0.302922 0.0354914 0.0356363 0.0535662 4
0 0.467025 0.0916425 0.0343721 0.0613062 5
0 0.614118 0.18408 0.0329393 0.0498128 6
0 0.746137 0.130412 0.0307021 0.0569762 7
0 0.303373 0.156498 0.0355789 0.0575921 8
0 0.702719 0.188654 0.0315553 0.0487555 9
0 0.615495 0.0490505 0.0321723 0.047677 10
0 0.511976 0.173826 0.031676 0.0534455 11
0 0.399483 0.155308 0.0349859 0.058018 12
