0 0.398364 0.0409416 0.0343864 0.0512474 1
0 0.662236 0.105792 0.0326591 0.0587294 2
0 0.573442 0.0997431 0.0328066 0.0586644 3
0 0.302731 0.0356334 0.0356157 0.0536624 4
0 0.466939 0.091921 0.0344805 0.0610284 5
0 0.613844 0.184286 0.0328593 0.0498872 6
0 0.745718 0.130836 0.0305265 0.057172 7
0 0.303046 0.156605 0.0356849 0.0573749 8
0 0.70219 0.188964 0.031783 0.049069 9
0 0.615227 0.049302 0.0324269 0.0480504 10
0 0.511545 0.17422 0.0318159 0.0532291 11
0 0.399225 0.155641 0.0351557 0.0579853 12
