0 0.398442 0.0408992 0.0345379 0.0513428 1
0 0.66239 0.105632 0.0326332 0.05866 2
0 0.573654 0.0994906 0.0326929 0.0584288 3
0 0.302862 0.0354845 0.0356892 0.0536199 4
0 0.46701 0.0918165 0.0343781 0.0610374 5
0 0.613972 0.184136 0.0328001 0.0497329 6
0 0.745943 0.130573 0.0303001 0.0568937 7
0 0.30324 0.15649 0.0355991 0.0573532 8
0 0.702477 0.188841 0.0316753 0.048863 9
0 0.615347 0.0490959 0.0321072 0.0475454 10
0 0.511752 0.174087 0.0317046 0.0533454 11
0 0.399364 0.155328 0.0350807 0.0579029 12
