0 0.398532 0.0410435 0.0344722 0.0511126 1
0 0.662452 0.1057 0.0327599 0.0590096 2
0 0.573674 0.0995989 0.0329327 0.0590321 3
0 0.3029 0.0355928 0.0356954 0.0537379 4
0 0.467 0.0917988 0.0344529 0.0611011 5
0 0.613978 0.184239 0.0328626 0.0497445 6
0 0.74591 0.130811 0.0305965 0.0572139 7
0 0.303245 0.156624 0.0356513 0.057515 8
0 0.702413 0.18891 0.0317143 0.0489902 9
0 0.615356 0.0493093 0.0323701 0.0479805 10
0 0.51174 0.174156 0.0317151 0.0532662 11
0 0.399346 0.155573 0.0352025 0.0581101 12
