0 0.39383 0.581893 0.0343043 0.0546848 1
0 0.655269 0.642185 0.0326435 0.0594045 2
0 0.567301 0.638444 0.0325747 0.0580015 3
0 0.298559 0.580239 0.0353552 0.0579634 4
0 0.460838 0.634712 0.0330725 0.0596377 5
0 0.606434 0.716374 0.0328469 0.0463347 6
0 0.738252 0.665393 0.0302453 0.0565957 7
0 0.296887 0.699794 0.034785 0.0526454 8
0 0.693767 0.718508 0.0328719 0.0451901 9
0 0.609868 0.584593 0.0320841 0.0522919 10
0 0.504368 0.710541 0.0322484 0.0496165 11
0 0.392642 0.697205 0.0347439 0.0550265 12
