0 0.578431 0.851668 0.0312656 0.0542259 14
0 0.363423 0.844198 0.0367524 0.0586653 15
0 0.26736 0.840671 0.0372839 0.0598683 16
0 0.534179 0.906725 0.0366297 0.0584567 17
0 0.620782 0.91215 0.0336839 0.0565358 18
0 0.429024 0.9004 0.0360947 0.0611171 19
0 0.702061 0.934587 0.0317724 0.0508091 20
0 0.358275 0.959227 0.0432231 0.0486713 21
0 0.262188 0.961503 0.0421455 0.0457424 22
0 0.469213 0.97329 0.0443035 0.0432521 23
0 0.570444 0.980985 0.0414443 0.037753 24
0 0.656531 0.982948 0.035771 0.0341043 25
