0 0.397486 0.210069 0.0351097 0.0539884 1
0 0.660105 0.277476 0.0321966 0.059377 2
0 0.572019 0.27126 0.033268 0.0597037 3
0 0.301993 0.20457 0.0361504 0.0548028 4
0 0.465931 0.263402 0.0330043 0.0603138 5
0 0.611476 0.353714 0.0319154 0.0483436 6
0 0.744089 0.301898 0.0307008 0.0566149 7
0 0.301017 0.325816 0.0355931 0.0565209 8
0 0.699035 0.358396 0.0337391 0.0467266 9
0 0.614323 0.220846 0.0325228 0.048269 10
0 0.509233 0.344395 0.0317733 0.052079 11
0 0.39747 0.325059 0.0346731 0.0573933 12
