0 0.396131 0.445781 0.0334671 0.0526383 1
0 0.657034 0.509715 0.0320868 0.0578523 2
0 0.569109 0.504766 0.0327469 0.0589346 3
0 0.30024 0.442084 0.0355646 0.0571125 4
0 0.462684 0.499381 0.0332455 0.0602558 5
0 0.608312 0.583738 0.0314375 0.0453058 6
0 0.739871 0.532385 0.0313275 0.0570632 7
0 0.29847 0.562184 0.0346023 0.0530057 8
0 0.695375 0.587663 0.0322763 0.0447731 9
0 0.61127 0.452215 0.0314105 0.0512664 10
0 0.505795 0.576936 0.0318316 0.0499208 11
0 0.394172 0.5604 0.0346684 0.0553001 12
