0 0.398335 0.0408943 0.034335 0.051269 1
0 0.662268 0.105581 0.0327652 0.058776 2
0 0.5735 0.099549 0.0330887 0.0589347 3
0 0.302563 0.0353906 0.0356374 0.0537968 4
0 0.466859 0.0918006 0.0344739 0.0608831 5
0 0.613891 0.184102 0.0328908 0.0499296 6
0 0.745813 0.130592 0.030573 0.0571881 7
0 0.30298 0.156564 0.0357178 0.057757 8
0 0.702271 0.188805 0.0317127 0.0489489 9
0 0.615186 0.0490594 0.0324118 0.0478685 10
0 0.511589 0.174059 0.0318841 0.0533822 11
0 0.399179 0.155386 0.035096 0.0581831 12
