0 0.398586 0.0407639 0.0345451 0.0512615 1
0 0.662694 0.105389 0.0327484 0.0586113 2
0 0.573864 0.0993389 0.0326504 0.0585261 3
0 0.303054 0.0353336 0.0357312 0.0538386 4
0 0.467002 0.0917045 0.0343331 0.0610404 5
0 0.614145 0.18409 0.0329069 0.0497097 6
0 0.746072 0.130402 0.0305137 0.0569421 7
0 0.303393 0.156383 0.0356423 0.0576297 8
0 0.702691 0.188547 0.0316255 0.0488565 9
0 0.615491 0.0489931 0.0321934 0.0476041 10
0 0.511898 0.173863 0.0316149 0.0532358 11
0 0.399501 0.155239 0.0349752 0.0580329 12
