0 0.398692 0.0409106 0.0345298 0.0512963 1
0 0.662743 0.105342 0.0330039 0.0589861 2
0 0.573951 0.0996194 0.0327514 0.059005 3
0 0.30302 0.0354166 0.0356124 0.0535725 4
0 0.467116 0.0917402 0.0343189 0.0612996 5
0 0.614228 0.184184 0.0329947 0.0499215 6
0 0.746193 0.13043 0.0307199 0.0571074 7
0 0.303456 0.156487 0.035581 0.0576035 8
0 0.702719 0.188538 0.0316055 0.0489383 9
0 0.615538 0.0487953 0.0322526 0.0477697 10
0 0.512026 0.173961 0.0316119 0.0533874 11
0 0.399562 0.155424 0.0349522 0.0580635 12
