0 0.398417 0.0408478 0.0344262 0.0511212 1
0 0.662286 0.105615 0.032625 0.0586462 2
0 0.573524 0.0996429 0.0328306 0.0585046 3
0 0.30269 0.0354208 0.0356401 0.0534887 4
0 0.46692 0.0916342 0.0344145 0.0609847 5
0 0.613929 0.184096 0.032786 0.0497774 6
0 0.745861 0.130518 0.0303356 0.0569024 7
0 0.303155 0.156529 0.0356739 0.0574484 8
0 0.702385 0.188843 0.0316834 0.0488935 9
0 0.61526 0.0492249 0.0321412 0.0474668 10
0 0.511579 0.173978 0.0316864 0.053333 11
0 0.399222 0.155275 0.0350937 0.057838 12
