0 0.398628 0.041048 0.0345788 0.0513126 1
0 0.662669 0.105638 0.0328227 0.058886 2
0 0.573857 0.0996064 0.0328263 0.059076 3
0 0.303008 0.0356183 0.035732 0.0537444 4
0 0.467087 0.0919995 0.0343812 0.0610816 5
0 0.614112 0.184314 0.0329563 0.0499101 6
0 0.746164 0.130797 0.0307258 0.0570916 7
0 0.303402 0.156666 0.0356714 0.0575576 8
0 0.702648 0.18885 0.0317204 0.0490113 9
0 0.615523 0.0492175 0.0322627 0.0478682 10
0 0.511965 0.174201 0.0318294 0.0532735 11
0 0.399502 0.1555 0.0351712 0.0581179 12
