0 0.398604 0.0410542 0.0344946 0.0511734 1
0 0.662576 0.105682 0.0327768 0.0588104 2
0 0.573788 0.0997619 0.032744 0.0589283 3
0 0.302979 0.0356169 0.0356897 0.0536805 4
0 0.467073 0.0919933 0.0343563 0.0610341 5
0 0.614086 0.184255 0.0328767 0.0497726 6
0 0.746055 0.130791 0.0307081 0.0570709 7
0 0.303374 0.156714 0.0356506 0.0575077 8
0 0.702567 0.188994 0.031673 0.0489143 9
0 0.615545 0.0492559 0.0321336 0.0476423 10
0 0.511964 0.174229 0.0317574 0.0530848 11
0 0.39949 0.155508 0.0351433 0.0580736 12
