0 0.398645 0.0408885 0.0344736 0.051157 1
0 0.662878 0.105365 0.0328199 0.0586383 2
0 0.57398 0.0994994 0.0326942 0.0587455 3
0 0.303162 0.0354016 0.0357252 0.0537349 4
0 0.467063 0.0916693 0.0343107 0.0611253 5
0 0.614262 0.184151 0.0328682 0.0497693 6
0 0.7462 0.130447 0.0304115 0.0566803 7
0 0.303524 0.156485 0.0354546 0.0572763 8
0 0.702768 0.188655 0.0315779 0.0488254 9
0 0.615601 0.0489181 0.0320501 0.0474884 10
0 0.512072 0.174001 0.0316079 0.0533589 11
0 0.39959 0.155211 0.034899 0.0578705 12
