0 0.39856 0.0409021 0.034489 0.0514011 1
0 0.662608 0.105642 0.0327649 0.0587495 2
0 0.573886 0.0995959 0.0326135 0.0583742 3
0 0.302854 0.035547 0.0357129 0.0538233 4
0 0.467044 0.0918361 0.034374 0.0610958 5
0 0.61408 0.184202 0.0328759 0.0498511 6
0 0.746072 0.13072 0.0305305 0.0569458 7
0 0.303258 0.156668 0.035536 0.0574095 8
0 0.702639 0.188927 0.0317836 0.0490196 9
0 0.615433 0.0491365 0.0322594 0.0477979 10
0 0.511921 0.174056 0.0318166 0.0534214 11
0 0.399462 0.155541 0.0351571 0.0579923 12
