0 0.398682 0.040811 0.034577 0.0511377 1
0 0.662792 0.105446 0.0328526 0.058737 2
0 0.573952 0.0994714 0.0326171 0.0585542 3
0 0.302956 0.0354519 0.0356329 0.0536333 4
0 0.467113 0.0918166 0.0343625 0.0612876 5
0 0.614224 0.184169 0.0329088 0.0498018 6
0 0.746119 0.130482 0.0305254 0.0568355 7
0 0.3035 0.15647 0.0355337 0.0574763 8
0 0.702763 0.188683 0.0315216 0.0486403 9
0 0.615617 0.0489518 0.0320899 0.0475208 10
0 0.512041 0.173931 0.0316585 0.0533733 11
0 0.399605 0.155212 0.0350055 0.0580476 12
