0 0.398249 0.0408276 0.0342831 0.0511678 1
0 0.662256 0.10561 0.0325819 0.0584195 2
0 0.573535 0.0997027 0.0329497 0.0586174 3
0 0.30255 0.0353444 0.0352812 0.0531562 4
0 0.466886 0.0918145 0.0344153 0.0607741 5
0 0.613921 0.184166 0.0328909 0.0498765 6
0 0.745737 0.130567 0.030451 0.0569157 7
0 0.303009 0.156594 0.035656 0.0576271 8
0 0.702279 0.188801 0.0317729 0.0490649 9
0 0.615195 0.0491036 0.0321301 0.0473975 10
0 0.511548 0.174023 0.0318713 0.0533544 11
0 0.399161 0.155498 0.0349679 0.0578985 12
