0 0.398606 0.040774 0.034531 0.051256 1
0 0.66261 0.105368 0.0327745 0.0586866 2
0 0.573837 0.0993802 0.0326778 0.0585978 3
0 0.30299 0.0353295 0.0357169 0.0538036 4
0 0.466998 0.0917509 0.03433 0.0610885 5
0 0.614162 0.184077 0.0328749 0.0497282 6
0 0.746042 0.130347 0.0305314 0.056977 7
0 0.303358 0.156342 0.0356076 0.0575375 8
0 0.702643 0.188572 0.0316141 0.0487963 9
0 0.615491 0.0490181 0.0321294 0.0474349 10
0 0.511867 0.173833 0.0316925 0.0533758 11
0 0.399465 0.15521 0.0350502 0.0581031 12
