0 0.398512 0.122404 0.0356712 0.0531197 1
0 0.661399 0.190394 0.031621 0.0590298 2
0 0.573102 0.18371 0.0323934 0.0579234 3
0 0.302778 0.116377 0.035606 0.0532672 4
0 0.466801 0.175704 0.0329681 0.0603005 5
0 0.612461 0.267841 0.0328873 0.0514292 6
0 0.745181 0.215911 0.0308931 0.0574701 7
0 0.301978 0.238474 0.0356093 0.0580328 8
0 0.700898 0.272916 0.0320142 0.0487476 9
0 0.615098 0.133704 0.0322844 0.0480854 10
0 0.510469 0.256987 0.0323786 0.0531437 11
0 0.398409 0.238293 0.0355285 0.0586691 12
