0 0.398711 0.0408821 0.0345161 0.0510385 1
0 0.662725 0.105458 0.0328365 0.058676 2
0 0.57393 0.0994137 0.0325278 0.0583457 3
0 0.302915 0.0355141 0.0355195 0.0534311 4
0 0.467106 0.0918659 0.0343947 0.0613288 5
0 0.614198 0.184126 0.0329446 0.0498544 6
0 0.746148 0.130521 0.0306407 0.0570503 7
0 0.303477 0.156487 0.0355902 0.0575682 8
0 0.702714 0.188612 0.0315398 0.0486627 9
0 0.615613 0.0489557 0.0319212 0.0472354 10
0 0.512008 0.173915 0.0316991 0.0534449 11
0 0.399634 0.155249 0.0349199 0.0579058 12
