0 0.399114 0.0750333 0.0341887 0.0500438 1
0 0.662204 0.141885 0.0319277 0.0599858 2
0 0.573939 0.133748 0.0328618 0.0594984 3
0 0.302665 0.0698926 0.0365956 0.0531301 4
0 0.467537 0.128015 0.0338988 0.0626967 5
0 0.613071 0.220654 0.0337367 0.0525225 6
0 0.745706 0.167725 0.0317578 0.0598014 7
0 0.302756 0.191324 0.0367022 0.0596141 8
0 0.702456 0.225107 0.0323729 0.0506866 9
0 0.616305 0.0866667 0.0322748 0.0498538 10
0 0.51134 0.209121 0.0322128 0.0536172 11
0 0.399348 0.191604 0.0360689 0.0590896 12
