0 0.398359 0.040977 0.0344198 0.0513048 1
0 0.662258 0.1057 0.032594 0.058581 2
0 0.573401 0.0998102 0.0327298 0.0585168 3
0 0.302743 0.0357037 0.0355998 0.0536534 4
0 0.4669 0.0918029 0.0343528 0.0607837 5
0 0.613867 0.184276 0.0328192 0.0498198 6
0 0.745738 0.130924 0.0304333 0.0569331 7
0 0.303041 0.156587 0.0357235 0.0574441 8
0 0.702173 0.189073 0.0317483 0.0490082 9
0 0.615264 0.0493386 0.0321096 0.0475383 10
0 0.511551 0.174176 0.0318638 0.0533022 11
0 0.399222 0.155614 0.0351689 0.0579965 12
