0 0.398332 0.0408565 0.0343468 0.0513309 1
0 0.662284 0.105577 0.0327426 0.0587632 2
0 0.573526 0.0995328 0.0330045 0.0587751 3
0 0.302597 0.0354672 0.0355647 0.0536647 4
0 0.466877 0.0917374 0.0345455 0.0610388 5
0 0.613886 0.18417 0.0329093 0.0499555 6
0 0.745878 0.130657 0.0306116 0.0572445 7
0 0.30298 0.156549 0.035667 0.0576659 8
0 0.702261 0.188829 0.0316751 0.0489065 9
0 0.615185 0.0491197 0.0323275 0.0477499 10
0 0.511576 0.17412 0.0319139 0.0534195 11
0 0.399163 0.155457 0.0351584 0.0583132 12
