0 0.398614 0.0408658 0.0345644 0.0513981 1
0 0.66263 0.105497 0.0329186 0.0589296 2
0 0.573879 0.0996558 0.032736 0.0587672 3
0 0.302917 0.0355497 0.0357107 0.0536824 4
0 0.467038 0.0917387 0.0343336 0.0612354 5
0 0.614157 0.184166 0.0329894 0.0498833 6
0 0.746136 0.130529 0.0307946 0.0571791 7
0 0.303339 0.156445 0.0355978 0.0576014 8
0 0.702648 0.188591 0.031651 0.0489309 9
0 0.615446 0.0490262 0.0322847 0.0478581 10
0 0.51193 0.17393 0.0315442 0.053233 11
0 0.399477 0.155358 0.0350826 0.0581428 12
