0 0.398805 0.0573494 0.033658 0.0493915 1
0 0.662414 0.123903 0.0329682 0.0604845 2
0 0.574043 0.115297 0.0326346 0.0585586 3
0 0.302868 0.0522017 0.0364895 0.0540777 4
0 0.467468 0.110223 0.034594 0.0630777 5
0 0.613457 0.202681 0.033477 0.0514376 6
0 0.745874 0.149155 0.0317648 0.0593797 7
0 0.303083 0.173657 0.0364846 0.0591837 8
0 0.70248 0.206457 0.0323757 0.0499815 9
0 0.616379 0.0684003 0.0333108 0.0500852 10
0 0.511673 0.190865 0.0320036 0.0533556 11
0 0.399456 0.173537 0.0358315 0.0589605 12
