0 0.398391 0.040862 0.0344011 0.051051 1
0 0.662259 0.105608 0.0325731 0.0585506 2
0 0.573433 0.0995755 0.032702 0.0581471 3
0 0.302742 0.03539 0.0356213 0.0535116 4
0 0.46692 0.0915931 0.0343199 0.0607926 5
0 0.613923 0.184067 0.0328317 0.0499026 6
0 0.745868 0.130435 0.0303673 0.0570482 7
0 0.303095 0.156476 0.0356707 0.0574491 8
0 0.702358 0.188778 0.0316759 0.0488059 9
0 0.615203 0.0492047 0.0322038 0.0474989 10
0 0.511539 0.173909 0.0317354 0.0534209 11
0 0.399168 0.155265 0.0351628 0.0579921 12
