0 0.398528 0.0408736 0.0345495 0.0513382 1
0 0.662581 0.105465 0.0326975 0.0586757 2
0 0.573775 0.0994116 0.032617 0.0584277 3
0 0.302957 0.0353083 0.0357326 0.0537165 4
0 0.466999 0.0917909 0.0342775 0.0609494 5
0 0.614101 0.184072 0.032861 0.0498541 6
0 0.746018 0.130409 0.0303561 0.056786 7
0 0.303326 0.156392 0.0356853 0.0576038 8
0 0.702598 0.18857 0.0316315 0.048895 9
0 0.615457 0.0489861 0.0321546 0.0475506 10
0 0.511905 0.173809 0.0316597 0.0532619 11
0 0.399443 0.155311 0.0350715 0.0580241 12
