0 0.398356 0.0409737 0.0344362 0.0515055 1
0 0.662244 0.105575 0.0325968 0.0585568 2
0 0.573564 0.0994921 0.0327617 0.0584355 3
0 0.302513 0.0353602 0.0356138 0.0537167 4
0 0.466813 0.0916954 0.0342924 0.0606159 5
0 0.613942 0.184103 0.0329381 0.0500634 6
0 0.745822 0.130683 0.0303611 0.0568033 7
0 0.303033 0.15659 0.0357186 0.057713 8
0 0.702326 0.188851 0.031656 0.0489072 9
0 0.615231 0.0491113 0.0322746 0.0476578 10
0 0.511698 0.174077 0.0319479 0.0534225 11
0 0.399113 0.155484 0.0350605 0.0580917 12
