0 0.398288 0.0408807 0.0344435 0.0513531 1
0 0.662266 0.10566 0.0326366 0.0585098 2
0 0.573588 0.0995658 0.0328753 0.0585756 3
0 0.302565 0.0353032 0.0355249 0.0535668 4
0 0.466875 0.0917737 0.0343316 0.0606443 5
0 0.61394 0.184159 0.0329038 0.0499745 6
0 0.745806 0.130589 0.0304061 0.0567913 7
0 0.30303 0.156522 0.0357044 0.0576632 8
0 0.702324 0.188857 0.0317447 0.0490031 9
0 0.615197 0.0491283 0.0322545 0.0476546 10
0 0.511589 0.174094 0.0318214 0.0533517 11
0 0.399153 0.155441 0.0351487 0.0581955 12
