0 0.398694 0.0408595 0.0344767 0.0512134 1
0 0.662731 0.105416 0.0328305 0.0586888 2
0 0.573938 0.0995262 0.032535 0.0585111 3
0 0.302987 0.0354448 0.0357058 0.0536686 4
0 0.467034 0.0916131 0.0343558 0.0613029 5
0 0.614186 0.18412 0.0328852 0.049682 6
0 0.746171 0.130376 0.0307089 0.0569241 7
0 0.303415 0.156474 0.0355882 0.0576295 8
0 0.702749 0.188644 0.0315797 0.0488149 9
0 0.61554 0.0488773 0.0322066 0.0476783 10
0 0.511947 0.173847 0.0316272 0.0534616 11
0 0.399532 0.155209 0.034966 0.0580102 12
