0 0.398698 0.0408641 0.0344928 0.0512385 1
0 0.662767 0.105295 0.0327796 0.058574 2
0 0.573947 0.0994928 0.0324941 0.0583867 3
0 0.302965 0.0354297 0.0356696 0.0536082 4
0 0.467034 0.0916047 0.0343388 0.0612564 5
0 0.614152 0.184121 0.0328817 0.0496778 6
0 0.746162 0.130414 0.0306785 0.0568289 7
0 0.303383 0.156478 0.0355266 0.0575174 8
0 0.70272 0.188626 0.0316165 0.0488911 9
0 0.61555 0.0489222 0.0321472 0.047572 10
0 0.51195 0.173816 0.0316154 0.0534479 11
0 0.399545 0.15519 0.0349426 0.0579771 12
