0 0.398358 0.0408576 0.0345458 0.0515867 1
0 0.662341 0.10561 0.032624 0.0587147 2
0 0.573513 0.0995626 0.0327749 0.0586691 3
0 0.30276 0.035412 0.0358486 0.0539757 4
0 0.466878 0.0918611 0.0343245 0.0609893 5
0 0.613879 0.184133 0.0328575 0.0499244 6
0 0.745782 0.130643 0.0305285 0.0569965 7
0 0.303088 0.156634 0.0357001 0.0575475 8
0 0.702285 0.188896 0.0316683 0.0489091 9
0 0.615275 0.0493363 0.0322657 0.047743 10
0 0.511609 0.174175 0.031785 0.0534657 11
0 0.399209 0.155452 0.0352608 0.058255 12
