0 0.398583 0.0410499 0.0344803 0.0511581 1
0 0.662567 0.105674 0.0326834 0.0587086 2
0 0.57377 0.0996822 0.0327498 0.0589042 3
0 0.302961 0.0355769 0.0357004 0.0537334 4
0 0.467041 0.0919994 0.034405 0.0610818 5
0 0.614067 0.184259 0.0328958 0.0498098 6
0 0.745956 0.130828 0.0306467 0.0570541 7
0 0.303351 0.156685 0.035654 0.0575502 8
0 0.702524 0.188975 0.0316907 0.0489247 9
0 0.615508 0.0492816 0.03218 0.0477107 10
0 0.511902 0.174211 0.0316925 0.0531551 11
0 0.399475 0.155519 0.0351638 0.0580241 12
