0 0.559052 0.833046 0.0311688 0.056104 14
0 0.345999 0.802125 0.0341065 0.0589638 15
0 0.250611 0.788949 0.0360407 0.0614456 16
0 0.513606 0.883316 0.0330304 0.0583578 17
0 0.600034 0.898253 0.0309294 0.0565424 18
0 0.40942 0.865964 0.0333563 0.0611621 19
0 0.678645 0.930138 0.0293026 0.0507157 20
0 0.336185 0.916448 0.0355292 0.0479852 21
0 0.240326 0.907601 0.0353668 0.0454447 22
0 0.446527 0.941447 0.0315639 0.0380073 23
0 0.546201 0.958883 0.0329004 0.0351456 24
0 0.630854 0.971197 0.0320817 0.0329192 25
