0 0.397938 0.185677 0.0350506 0.0528848 1
0 0.660412 0.252992 0.0320613 0.0591673 2
0 0.572051 0.246688 0.0330573 0.0590056 3
0 0.30242 0.179671 0.0360855 0.0547077 4
0 0.466233 0.23883 0.0327516 0.0597521 5
0 0.611822 0.329434 0.0319139 0.0485693 6
0 0.744169 0.277862 0.030489 0.0562211 7
0 0.30122 0.30047 0.0353021 0.0565165 8
0 0.699408 0.334727 0.0328078 0.0463529 9
0 0.61461 0.196992 0.0324018 0.0477554 10
0 0.509615 0.319915 0.0319785 0.0524718 11
0 0.397639 0.299899 0.0345928 0.0575319 12
