0 0.398414 0.0409823 0.0343947 0.0512071 1
0 0.662331 0.10578 0.0326798 0.0587622 2
0 0.573569 0.0996379 0.0328505 0.0587841 3
0 0.302724 0.0356327 0.0356923 0.0537861 4
0 0.46696 0.0919974 0.0344995 0.0610665 5
0 0.613874 0.184266 0.0328013 0.049714 6
0 0.745753 0.130782 0.030528 0.0571754 7
0 0.303131 0.156596 0.0356954 0.0574242 8
0 0.702259 0.188969 0.031736 0.0489582 9
0 0.615255 0.0494078 0.0323939 0.0479592 10
0 0.511638 0.174215 0.0318097 0.0532274 11
0 0.399254 0.155634 0.0351534 0.0580471 12
