0 0.398432 0.0408602 0.0345443 0.0512911 1
0 0.662245 0.105779 0.0327107 0.0588088 2
0 0.573407 0.0994383 0.0330943 0.0588913 3
0 0.302693 0.0353391 0.0357463 0.0537035 4
0 0.466877 0.0917184 0.0343917 0.0609406 5
0 0.613875 0.184229 0.0329592 0.0500877 6
0 0.745733 0.13052 0.0304349 0.0572298 7
0 0.30308 0.156332 0.035703 0.0574927 8
0 0.702303 0.188735 0.0318348 0.0490892 9
0 0.615222 0.0491386 0.0323053 0.0476881 10
0 0.511522 0.173996 0.0317898 0.053501 11
0 0.39913 0.155206 0.0351598 0.0579625 12
