0 0.398417 0.0409071 0.0344518 0.0511806 1
0 0.662358 0.105624 0.0326897 0.0587142 2
0 0.573528 0.099621 0.0328948 0.0587359 3
0 0.302829 0.0355199 0.0356558 0.0535437 4
0 0.466964 0.0917239 0.0343975 0.0609433 5
0 0.613922 0.18409 0.0328521 0.0498429 6
0 0.745831 0.130623 0.0304904 0.0572081 7
0 0.303149 0.1565 0.0356822 0.0574749 8
0 0.702385 0.188876 0.0316645 0.0488734 9
0 0.615307 0.0491967 0.0321648 0.0475644 10
0 0.51165 0.174021 0.0317517 0.053388 11
0 0.399227 0.155314 0.0351196 0.0578956 12
