0 0.398272 0.0408459 0.0343839 0.0513274 1
0 0.662264 0.105628 0.0326731 0.058606 2
0 0.573592 0.099646 0.0330092 0.0587596 3
0 0.302455 0.0353231 0.0354834 0.053559 4
0 0.466841 0.0917746 0.034332 0.060625 5
0 0.613913 0.184118 0.032898 0.0498906 6
0 0.745827 0.130626 0.0303792 0.0567973 7
0 0.303006 0.156544 0.0356818 0.0576734 8
0 0.702304 0.188836 0.0317381 0.0489957 9
0 0.615196 0.0490926 0.0322941 0.0476773 10
0 0.511567 0.174095 0.0318433 0.053282 11
0 0.399145 0.155441 0.0351389 0.0582331 12
