0 0.398675 0.0488936 0.0343239 0.0513032 1
0 0.662645 0.115281 0.0324229 0.0584221 2
0 0.573911 0.108639 0.0329553 0.0588508 3
0 0.302937 0.0440672 0.0358883 0.0535468 4
0 0.466891 0.101095 0.0345244 0.0619244 5
0 0.61394 0.193296 0.0333265 0.0510057 6
0 0.745963 0.140266 0.0307171 0.0571173 7
0 0.30311 0.165004 0.0357075 0.057786 8
0 0.702654 0.197838 0.0318266 0.0488492 9
0 0.615885 0.0594238 0.0325729 0.0479664 10
0 0.511738 0.183004 0.0318543 0.0533864 11
0 0.399314 0.164079 0.0349232 0.0578496 12
