0 0.398663 0.0408743 0.0345011 0.0512593 1
0 0.662741 0.105335 0.032881 0.058764 2
0 0.573937 0.0995926 0.0326862 0.0588588 3
0 0.302998 0.0354578 0.0357071 0.0537051 4
0 0.467079 0.0917029 0.034392 0.0614416 5
0 0.614228 0.18406 0.0328763 0.0496959 6
0 0.746169 0.130372 0.0306378 0.0568703 7
0 0.303407 0.156522 0.0355861 0.0576283 8
0 0.702718 0.188611 0.0315686 0.0488289 9
0 0.61554 0.0487788 0.0322193 0.0476854 10
0 0.511942 0.173858 0.0316431 0.0534927 11
0 0.399497 0.155221 0.0350421 0.0582134 12
