0 0.398577 0.04095 0.0344346 0.0513307 1
0 0.662625 0.105583 0.0327686 0.0587473 2
0 0.57378 0.0996221 0.0327244 0.0585971 3
0 0.302862 0.0355308 0.035718 0.0538176 4
0 0.467025 0.0918219 0.0343458 0.0610394 5
0 0.614072 0.184139 0.032925 0.0499432 6
0 0.745979 0.130683 0.0303574 0.0566193 7
0 0.303228 0.156621 0.0356197 0.0575501 8
0 0.702595 0.188907 0.0316456 0.0488127 9
0 0.615423 0.049151 0.0321747 0.0476721 10
0 0.51191 0.17412 0.0317767 0.0533635 11
0 0.39945 0.155503 0.0350952 0.0578744 12
