0 0.398424 0.0408394 0.0345573 0.0515757 1
0 0.662293 0.105602 0.0327668 0.0589881 2
0 0.5735 0.0995906 0.0329622 0.0589954 3
0 0.302688 0.0354366 0.0358197 0.053917 4
0 0.466865 0.0918024 0.0342433 0.0608175 5
0 0.613847 0.184142 0.0329737 0.0501077 6
0 0.745792 0.13063 0.0305362 0.0570331 7
0 0.303071 0.156606 0.0358155 0.057748 8
0 0.70227 0.188859 0.0316864 0.0489284 9
0 0.61527 0.0492088 0.0323158 0.0477932 10
0 0.511557 0.174091 0.0317124 0.0533741 11
0 0.399192 0.155512 0.0351769 0.0581068 12
