0 0.398309 0.0409285 0.0344151 0.0513853 1
0 0.66234 0.105562 0.0326055 0.0585408 2
0 0.573559 0.0995852 0.0328878 0.0588218 3
0 0.302688 0.0353321 0.0356161 0.0537046 4
0 0.466856 0.091738 0.0343367 0.0607137 5
0 0.613971 0.184063 0.0329946 0.0501109 6
0 0.74593 0.130649 0.0304317 0.0569034 7
0 0.303016 0.156559 0.0357412 0.0577085 8
0 0.702368 0.188798 0.0318042 0.0490713 9
0 0.615264 0.0491417 0.0321207 0.0474667 10
0 0.511703 0.173907 0.0319913 0.053471 11
0 0.399158 0.155326 0.0350595 0.0581249 12
