0 0.3985 0.0409968 0.0344249 0.0513266 1
0 0.662483 0.105723 0.0326959 0.0587933 2
0 0.573803 0.0997101 0.0328355 0.0587805 3
0 0.302789 0.0355225 0.035573 0.0539226 4
0 0.467056 0.091919 0.0344376 0.061036 5
0 0.614095 0.184265 0.0328783 0.0498207 6
0 0.746005 0.130703 0.0305794 0.0568654 7
0 0.303262 0.156707 0.0355787 0.0575185 8
0 0.702541 0.18892 0.0317166 0.0489073 9
0 0.615391 0.0491706 0.0322212 0.0477285 10
0 0.511825 0.174271 0.0317301 0.0532418 11
0 0.399379 0.155552 0.0349954 0.0579959 12
