0 0.398551 0.0411097 0.0344961 0.0512044 1
0 0.662474 0.105663 0.0327993 0.0589841 2
0 0.57373 0.0995895 0.0326818 0.0587066 3
0 0.302887 0.0355583 0.0357217 0.0537999 4
0 0.467041 0.0919058 0.034551 0.0613195 5
0 0.614044 0.184228 0.0329601 0.0498709 6
0 0.745917 0.130775 0.0305824 0.0571818 7
0 0.303296 0.156643 0.0356448 0.0574494 8
0 0.702444 0.188912 0.0316912 0.0489339 9
0 0.615411 0.0492835 0.0323456 0.0480468 10
0 0.511743 0.174161 0.0317222 0.0533232 11
0 0.399424 0.155654 0.0352077 0.0580544 12
