0 0.398885 0.0936764 0.0353223 0.052232 1
0 0.661952 0.160902 0.0311437 0.0586319 2
0 0.573425 0.153811 0.0323206 0.0586734 3
0 0.303162 0.0881911 0.0360889 0.0536195 4
0 0.466796 0.145729 0.0331409 0.0611574 5
0 0.612986 0.238782 0.0329628 0.0514941 6
0 0.745378 0.186344 0.0310616 0.0582588 7
0 0.302418 0.20974 0.0363729 0.0595687 8
0 0.701754 0.243552 0.0318635 0.0494753 9
0 0.615451 0.105232 0.0318451 0.0489299 10
0 0.511162 0.227467 0.0321905 0.0531652 11
0 0.398791 0.209519 0.0358805 0.0589844 12
