0 0.398598 0.040918 0.0345793 0.0514067 1
0 0.662639 0.105595 0.0327858 0.058779 2
0 0.573866 0.0995958 0.0327528 0.058938 3
0 0.302948 0.035556 0.0356178 0.0536767 4
0 0.467069 0.0918044 0.0344012 0.0611884 5
0 0.614161 0.184275 0.0330083 0.0500185 6
0 0.746062 0.13086 0.0306855 0.0572108 7
0 0.303333 0.156727 0.0355248 0.0573081 8
0 0.70262 0.188949 0.0317457 0.0490712 9
0 0.615461 0.0492056 0.0322295 0.0477922 10
0 0.511919 0.174077 0.0317209 0.0532122 11
0 0.399504 0.155518 0.0350751 0.0579009 12
