0 0.398544 0.040804 0.0344684 0.0512565 1
0 0.662603 0.105555 0.0328947 0.0588823 2
0 0.573822 0.0996381 0.0328616 0.0589195 3
0 0.302914 0.0354035 0.0357275 0.0537124 4
0 0.466993 0.091738 0.0344269 0.06143 5
0 0.614114 0.184218 0.0329828 0.0498937 6
0 0.746124 0.13064 0.0306857 0.0570617 7
0 0.303279 0.156516 0.0355479 0.0575287 8
0 0.702537 0.188744 0.031604 0.0488431 9
0 0.615452 0.0490739 0.0322116 0.0477575 10
0 0.511826 0.174036 0.0316055 0.053208 11
0 0.399404 0.15542 0.0350277 0.0581053 12
