0 0.398427 0.040993 0.0344091 0.0512106 1
0 0.662353 0.105748 0.0327049 0.0588106 2
0 0.573528 0.0997941 0.0327978 0.0587046 3
0 0.302763 0.0356526 0.0357664 0.0539008 4
0 0.466956 0.0919325 0.034587 0.0612566 5
0 0.613896 0.184235 0.0328714 0.0498224 6
0 0.745725 0.130869 0.0305498 0.0572843 7
0 0.30318 0.156618 0.0357195 0.0575022 8
0 0.702231 0.188905 0.0317965 0.0490794 9
0 0.615239 0.0494225 0.0324517 0.0480363 10
0 0.511628 0.174289 0.0318523 0.0533352 11
0 0.399241 0.155622 0.0351938 0.0581341 12
