0 0.398576 0.0409271 0.0345509 0.05125 1
0 0.662428 0.105569 0.0327644 0.0589516 2
0 0.57369 0.0995559 0.0327644 0.0587019 3
0 0.302962 0.0354859 0.0355296 0.0533449 4
0 0.466966 0.0917339 0.0343281 0.0609094 5
0 0.613997 0.18418 0.0329713 0.0500654 6
0 0.745832 0.130381 0.0304631 0.0571679 7
0 0.303295 0.156419 0.0357141 0.05752 8
0 0.70251 0.188776 0.0318423 0.0492168 9
0 0.61544 0.049236 0.032168 0.047611 10
0 0.511776 0.173975 0.0317876 0.0535104 11
0 0.399394 0.155387 0.0351021 0.0579196 12
