0 0.398483 0.0410086 0.034398 0.0513275 1
0 0.662485 0.105678 0.0327359 0.058853 2
0 0.573795 0.0997072 0.0328712 0.0587749 3
0 0.302755 0.0355099 0.0354636 0.0537741 4
0 0.467057 0.0919277 0.0344509 0.0610141 5
0 0.614085 0.184285 0.0328863 0.0498378 6
0 0.746004 0.130681 0.0305991 0.056867 7
0 0.303255 0.156714 0.0355854 0.0575338 8
0 0.702547 0.188957 0.031732 0.0489113 9
0 0.615405 0.0491527 0.0322453 0.0477299 10
0 0.511817 0.174284 0.0317257 0.0532276 11
0 0.399378 0.155558 0.0349833 0.0579901 12
