0 0.56451 0.816751 0.0306916 0.0555234 14
0 0.350023 0.789456 0.0336339 0.059271 15
0 0.255013 0.778188 0.0360391 0.0601838 16
0 0.518257 0.866499 0.033709 0.0592195 17
0 0.605848 0.880336 0.030946 0.0564844 18
0 0.413515 0.850815 0.0335211 0.0604033 19
0 0.684668 0.910056 0.0296041 0.0524398 20
0 0.341593 0.903655 0.0348635 0.0469538 21
0 0.245866 0.897686 0.0349277 0.0461795 22
0 0.452364 0.927431 0.0334179 0.0406296 23
0 0.55203 0.941311 0.0329816 0.035845 24
0 0.637167 0.953886 0.0338802 0.034858 25
