0 0.398421 0.0409022 0.0345687 0.0515364 1
0 0.662291 0.105622 0.0326953 0.0588983 2
0 0.573507 0.0995883 0.0329992 0.0590314 3
0 0.302705 0.0354843 0.0357409 0.05392 4
0 0.466901 0.091785 0.0343139 0.0608549 5
0 0.613869 0.184181 0.0329575 0.0501255 6
0 0.74575 0.130625 0.0305566 0.0573186 7
0 0.303063 0.156602 0.0357016 0.0576364 8
0 0.702244 0.188767 0.0317495 0.0489755 9
0 0.615247 0.0491884 0.0323799 0.0478128 10
0 0.511512 0.174146 0.0316364 0.0531488 11
0 0.399195 0.155502 0.0351707 0.0580845 12
