0 0.398382 0.0409008 0.034608 0.0516073 1
0 0.662226 0.105715 0.0327508 0.0589825 2
0 0.573483 0.0995066 0.0330972 0.0593742 3
0 0.302685 0.0354877 0.0355978 0.053702 4
0 0.466867 0.0918178 0.0343039 0.060866 5
0 0.613856 0.184214 0.0328853 0.0500086 6
0 0.745725 0.130611 0.0305175 0.0573534 7
0 0.303055 0.156539 0.0356731 0.0575907 8
0 0.702257 0.188781 0.0318635 0.0491679 9
0 0.615192 0.0492979 0.0324611 0.0478845 10
0 0.511556 0.174127 0.0317171 0.0532111 11
0 0.399237 0.15552 0.0352344 0.0581118 12
