0 0.398375 0.0408145 0.0344997 0.051261 1
0 0.66235 0.105595 0.0326519 0.0586433 2
0 0.573554 0.0995036 0.0327896 0.0585247 3
0 0.302783 0.0354176 0.0356585 0.0535375 4
0 0.466995 0.0916359 0.0343449 0.0608689 5
0 0.613918 0.184129 0.0328293 0.0498085 6
0 0.745822 0.130591 0.0304397 0.057102 7
0 0.303151 0.156546 0.0356533 0.0574187 8
0 0.70237 0.188817 0.031696 0.0489176 9
0 0.615258 0.049158 0.0322042 0.0476422 10
0 0.511616 0.173996 0.0317259 0.0533408 11
0 0.399248 0.15538 0.0350272 0.0577238 12
