0 0.398316 0.0410518 0.0344006 0.0513899 1
0 0.662261 0.10576 0.0327143 0.0588335 2
0 0.573424 0.0997574 0.0328186 0.058706 3
0 0.302684 0.0355594 0.0356449 0.0538268 4
0 0.466881 0.091751 0.0344034 0.0608991 5
0 0.613861 0.184293 0.0329195 0.0500268 6
0 0.745679 0.130846 0.0305014 0.0571309 7
0 0.303008 0.156599 0.0357494 0.0576134 8
0 0.702148 0.189114 0.0318367 0.0490909 9
0 0.615197 0.0494906 0.0322851 0.0477231 10
0 0.511501 0.174154 0.0318013 0.0532804 11
0 0.39919 0.155681 0.0351266 0.057942 12
