0 0.398304 0.0408703 0.0344625 0.0514015 1
0 0.662299 0.105643 0.0326896 0.0586569 2
0 0.5736 0.0996198 0.0330112 0.0588312 3
0 0.302588 0.0352864 0.0355767 0.0536057 4
0 0.466862 0.0917409 0.034354 0.0606467 5
0 0.613935 0.184138 0.0329309 0.0499976 6
0 0.745841 0.13057 0.0303764 0.0568044 7
0 0.303078 0.156602 0.0357279 0.0576445 8
0 0.702329 0.188884 0.0317216 0.0489999 9
0 0.61519 0.0491136 0.0323219 0.0477466 10
0 0.51158 0.17413 0.0317698 0.0532627 11
0 0.399171 0.155448 0.0351631 0.0582164 12
