0 0.398546 0.0408313 0.0345141 0.051333 1
0 0.662523 0.10554 0.0329 0.0589278 2
0 0.573804 0.0996452 0.0328841 0.0589999 3
0 0.302875 0.035434 0.0357004 0.0536505 4
0 0.466993 0.0917877 0.0344395 0.0614619 5
0 0.614078 0.18421 0.0329868 0.0499248 6
0 0.746104 0.130648 0.0306546 0.0569815 7
0 0.303267 0.15657 0.0355492 0.0574922 8
0 0.702498 0.18881 0.0315631 0.0487039 9
0 0.615411 0.0491358 0.0322334 0.0478426 10
0 0.511791 0.174062 0.0316311 0.0532529 11
0 0.399435 0.155483 0.0349966 0.0580133 12
