0 0.398259 0.0409205 0.034453 0.0513913 1
0 0.66226 0.105621 0.0326008 0.0584413 2
0 0.573542 0.0996264 0.0329703 0.0587436 3
0 0.302537 0.0354053 0.0356923 0.0538437 4
0 0.466829 0.0916813 0.0343455 0.0606429 5
0 0.613893 0.184046 0.0329163 0.0500081 6
0 0.745853 0.13073 0.0304839 0.0569382 7
0 0.303041 0.156533 0.0358474 0.0579119 8
0 0.702302 0.188739 0.0317618 0.049041 9
0 0.61523 0.0491561 0.032204 0.0475857 10
0 0.511575 0.174037 0.0318624 0.0534635 11
0 0.399149 0.155448 0.0350822 0.0580827 12
