0 0.398267 0.0407972 0.0343628 0.0513212 1
0 0.662223 0.105709 0.0326248 0.0587212 2
0 0.573482 0.0995482 0.0329537 0.0591107 3
0 0.302637 0.0355108 0.0356846 0.0537657 4
0 0.466866 0.0919281 0.034259 0.060691 5
0 0.613802 0.184254 0.0328878 0.0499688 6
0 0.745679 0.130668 0.0304832 0.0573425 7
0 0.303015 0.15655 0.0356224 0.0574423 8
0 0.702205 0.188833 0.0317126 0.0489613 9
0 0.615168 0.0493806 0.0323423 0.0477989 10
0 0.511499 0.17407 0.0317883 0.0533739 11
0 0.399152 0.155501 0.0352025 0.058043 12
