0 0.398312 0.0408651 0.0344075 0.0511485 1
0 0.662238 0.105555 0.0326014 0.0586242 2
0 0.573403 0.0996137 0.0328171 0.0583887 3
0 0.302693 0.0353589 0.0355953 0.0535797 4
0 0.466868 0.0915371 0.0343474 0.0608642 5
0 0.613885 0.184069 0.0327838 0.049832 6
0 0.745733 0.130571 0.0304457 0.0571357 7
0 0.303081 0.156413 0.0356523 0.0574309 8
0 0.702268 0.188746 0.0316528 0.0487925 9
0 0.615167 0.0490922 0.032126 0.0475468 10
0 0.511501 0.17393 0.0318128 0.0534674 11
0 0.39916 0.155216 0.0352048 0.0579947 12
