0 0.398441 0.0409255 0.0343722 0.0513033 1
0 0.662486 0.105672 0.0327235 0.0587886 2
0 0.573774 0.0996832 0.0327017 0.0583823 3
0 0.30282 0.0355696 0.0357599 0.0542637 4
0 0.467036 0.0919592 0.0344873 0.0610381 5
0 0.614051 0.184249 0.0328486 0.0497534 6
0 0.746066 0.130646 0.0307036 0.0570422 7
0 0.303265 0.156752 0.0356673 0.0576463 8
0 0.702564 0.188855 0.0317952 0.0489575 9
0 0.615368 0.0492368 0.0322848 0.0477392 10
0 0.511846 0.174133 0.0316946 0.0531347 11
0 0.39936 0.155467 0.0349103 0.0578791 12
