0 0.398347 0.0408166 0.0344603 0.0511592 1
0 0.662261 0.105654 0.0325784 0.0585663 2
0 0.573439 0.099531 0.032904 0.0585727 3
0 0.302735 0.0353681 0.035694 0.0536237 4
0 0.46691 0.0916649 0.0343003 0.0607686 5
0 0.61389 0.184126 0.0328988 0.050008 6
0 0.745847 0.130495 0.0304186 0.0571925 7
0 0.303122 0.156415 0.0356749 0.0574657 8
0 0.702321 0.188772 0.0316182 0.0487291 9
0 0.615185 0.0490931 0.0322707 0.047621 10
0 0.511514 0.173959 0.0317215 0.0533938 11
0 0.399173 0.155324 0.0352004 0.0580623 12
