0 0.398497 0.0410047 0.0343793 0.0512976 1
0 0.662439 0.105737 0.0327767 0.0588486 2
0 0.573718 0.0996261 0.0329175 0.0586849 3
0 0.30285 0.0355703 0.0354913 0.0537326 4
0 0.467039 0.0918818 0.0346187 0.0612531 5
0 0.614037 0.1842 0.0329468 0.0499102 6
0 0.745998 0.130566 0.030486 0.0568408 7
0 0.303211 0.156678 0.0355547 0.0574739 8
0 0.702454 0.188797 0.0317641 0.0489453 9
0 0.61538 0.0492052 0.0322945 0.0477764 10
0 0.511732 0.174256 0.0317983 0.053333 11
0 0.399347 0.155537 0.0351421 0.0583155 12
