0 0.398667 0.0408246 0.034503 0.0512654 1
0 0.662759 0.105297 0.0327852 0.058553 2
0 0.573916 0.0995449 0.0327103 0.058892 3
0 0.30296 0.0354344 0.0356561 0.053623 4
0 0.467045 0.0915671 0.034363 0.0613888 5
0 0.61423 0.184054 0.0328566 0.0496584 6
0 0.746169 0.130486 0.0306738 0.0568994 7
0 0.30338 0.156525 0.0355337 0.0575332 8
0 0.702738 0.188681 0.0315604 0.0488149 9
0 0.61554 0.0488615 0.0321606 0.047579 10
0 0.511957 0.173812 0.0316376 0.0534998 11
0 0.399544 0.155236 0.0348883 0.0579425 12
