0 0.398527 0.0408644 0.0345218 0.0513439 1
0 0.662628 0.105547 0.0327521 0.0586122 2
0 0.573823 0.0995515 0.0328941 0.0590117 3
0 0.302936 0.0353815 0.0356156 0.0535045 4
0 0.466951 0.0917389 0.0343832 0.0613545 5
0 0.614104 0.184178 0.0329075 0.0497692 6
0 0.746097 0.130463 0.0306638 0.0570065 7
0 0.303282 0.156527 0.0355828 0.0575901 8
0 0.702571 0.188729 0.0315595 0.0487653 9
0 0.615449 0.0489606 0.0322403 0.0477993 10
0 0.511859 0.173933 0.0316588 0.0532913 11
0 0.39942 0.155371 0.0349658 0.0579719 12
