0 0.398392 0.04092 0.0346158 0.0516049 1
0 0.66224 0.105714 0.0327197 0.0589263 2
0 0.573489 0.0995107 0.0331102 0.059288 3
0 0.302683 0.0354833 0.0356292 0.0537686 4
0 0.466872 0.0918196 0.0343574 0.0609476 5
0 0.613871 0.184212 0.0329061 0.0500588 6
0 0.745723 0.130676 0.0305369 0.057324 7
0 0.303067 0.156556 0.0356755 0.0575948 8
0 0.70226 0.188811 0.0318402 0.0491281 9
0 0.615195 0.0492601 0.0324 0.0478113 10
0 0.511553 0.174098 0.0317139 0.0532586 11
0 0.399227 0.15553 0.0352296 0.0581562 12
