0 0.398562 0.0410419 0.0344605 0.0511351 1
0 0.662426 0.105684 0.0326677 0.058762 2
0 0.573706 0.0996513 0.0328332 0.0590268 3
0 0.302897 0.0355493 0.0356719 0.0537346 4
0 0.467 0.0919577 0.0344164 0.061064 5
0 0.613981 0.184255 0.0328693 0.0496931 6
0 0.745869 0.130757 0.0305482 0.0571057 7
0 0.303268 0.156697 0.0356637 0.0574697 8
0 0.7024 0.188994 0.0316799 0.0489008 9
0 0.615462 0.0493159 0.0321888 0.0478038 10
0 0.511752 0.17424 0.0317085 0.0532606 11
0 0.399404 0.155537 0.0352022 0.0580304 12
