0 0.398519 0.0408273 0.0344659 0.0511532 1
0 0.662492 0.10547 0.0327551 0.058833 2
0 0.573716 0.0993013 0.0329188 0.0589988 3
0 0.302987 0.0353236 0.0357417 0.0536998 4
0 0.466952 0.0916495 0.0344625 0.0612534 5
0 0.614076 0.184009 0.0328547 0.0498615 6
0 0.74602 0.130441 0.0303905 0.0569224 7
0 0.303284 0.156402 0.0357957 0.0577086 8
0 0.702522 0.1885 0.0315599 0.0488025 9
0 0.61544 0.0490611 0.0322009 0.0476054 10
0 0.511813 0.173865 0.0317258 0.0533319 11
0 0.399402 0.155279 0.0350766 0.057908 12
