0 0.398561 0.0410538 0.034511 0.0512227 1
0 0.662428 0.105578 0.0326959 0.0588181 2
0 0.573653 0.0997528 0.0327094 0.0587519 3
0 0.302819 0.0357049 0.0357021 0.0537826 4
0 0.467004 0.0918766 0.0344892 0.0612181 5
0 0.614011 0.184254 0.032897 0.0497291 6
0 0.745872 0.130877 0.0305783 0.057166 7
0 0.303288 0.156635 0.035686 0.0575317 8
0 0.70237 0.188965 0.0316566 0.0488658 9
0 0.615474 0.0493514 0.0320702 0.0476095 10
0 0.511746 0.174179 0.0317163 0.0532974 11
0 0.399359 0.155595 0.0351275 0.0578835 12
