0 0.398523 0.0409836 0.0344716 0.0514051 1
0 0.662524 0.105729 0.0326772 0.0588007 2
0 0.573815 0.0996798 0.0327133 0.0584743 3
0 0.302741 0.0355152 0.0355003 0.0538452 4
0 0.467033 0.0919128 0.0343498 0.0609505 5
0 0.614093 0.184274 0.0328643 0.049772 6
0 0.746032 0.130611 0.030583 0.0567688 7
0 0.303281 0.156717 0.0356364 0.0576161 8
0 0.702592 0.188912 0.0317109 0.0489192 9
0 0.615438 0.0492053 0.0322119 0.0477084 10
0 0.511848 0.174272 0.0317252 0.0532815 11
0 0.399361 0.1555 0.0350077 0.0579783 12
