0 0.398755 0.0408599 0.0345813 0.05119 1
0 0.662744 0.105532 0.0329475 0.0590112 2
0 0.573962 0.0993247 0.0327168 0.0588165 3
0 0.302916 0.0355598 0.0354765 0.0535087 4
0 0.467104 0.0918741 0.0345057 0.0613683 5
0 0.614284 0.184133 0.0330729 0.049968 6
0 0.746137 0.130496 0.0306354 0.0571523 7
0 0.303431 0.156423 0.0356662 0.0576223 8
0 0.702743 0.188635 0.0316195 0.0487892 9
0 0.615575 0.0489752 0.0321782 0.0476647 10
0 0.512021 0.173896 0.031781 0.0534996 11
0 0.399549 0.155225 0.0350786 0.0581258 12
