0 0.398288 0.040947 0.0344548 0.0515212 1
0 0.662295 0.105619 0.0326716 0.0587021 2
0 0.573638 0.0995416 0.0328214 0.0586003 3
0 0.302519 0.0352868 0.0355457 0.0535966 4
0 0.466853 0.0917223 0.0343472 0.0607419 5
0 0.613935 0.184095 0.0328764 0.0499522 6
0 0.745892 0.130659 0.0304472 0.0569865 7
0 0.303043 0.156539 0.0356996 0.0576853 8
0 0.702336 0.188822 0.0317248 0.0490141 9
0 0.615228 0.0491291 0.0323101 0.0477191 10
0 0.511655 0.174062 0.0319534 0.0534047 11
0 0.399159 0.155397 0.0351209 0.0582186 12
