0 0.556932 0.846446 0.0311552 0.0561598 14
0 0.34393 0.813128 0.0346146 0.0591766 15
0 0.24811 0.798666 0.0358558 0.0609974 16
0 0.510993 0.895602 0.0332685 0.0584688 17
0 0.597786 0.911257 0.0314327 0.0572853 18
0 0.407371 0.87832 0.0331501 0.0617258 19
0 0.675768 0.943319 0.0300517 0.0517136 20
0 0.333535 0.926727 0.0348271 0.0467667 21
0 0.237728 0.917572 0.0356868 0.04561 22
0 0.443405 0.952751 0.0329292 0.0392303 23
0 0.543297 0.971432 0.0345915 0.037435 24
0 0.628537 0.983311 0.032309 0.0333781 25
