0 0.398619 0.0410556 0.0344366 0.0510735 1
0 0.662577 0.105629 0.0326884 0.0586413 2
0 0.57374 0.0996968 0.0327645 0.0589337 3
0 0.302864 0.03562 0.035777 0.0538194 4
0 0.467041 0.091896 0.0342626 0.0608646 5
0 0.614104 0.184231 0.0328361 0.049712 6
0 0.746035 0.130763 0.0306435 0.0569321 7
0 0.30338 0.156677 0.0356546 0.0575076 8
0 0.702547 0.189 0.0316962 0.0489454 9
0 0.615537 0.0492724 0.0320523 0.0475121 10
0 0.512006 0.174188 0.0317808 0.0531066 11
0 0.399495 0.155514 0.0351367 0.0580238 12
