0 0.398478 0.0408132 0.0344546 0.0511649 1
0 0.662294 0.105706 0.0326719 0.0587272 2
0 0.573575 0.0994978 0.033023 0.0588742 3
0 0.302711 0.03544 0.035689 0.05358 4
0 0.466919 0.0916237 0.0344412 0.0610563 5
0 0.613957 0.184111 0.0328493 0.0499088 6
0 0.745846 0.130519 0.0304064 0.0571045 7
0 0.303169 0.156397 0.0356676 0.0574385 8
0 0.702376 0.188815 0.0316793 0.0488848 9
0 0.615222 0.0491344 0.0322341 0.0476229 10
0 0.511647 0.173963 0.0318024 0.0535551 11
0 0.399234 0.15526 0.0351383 0.0579217 12
