0 0.398324 0.0408755 0.0344144 0.0512989 1
0 0.662261 0.105611 0.0325909 0.0584314 2
0 0.573533 0.0996191 0.0329214 0.0585868 3
0 0.302561 0.0353242 0.0356052 0.0536694 4
0 0.466898 0.0918042 0.0343257 0.0605936 5
0 0.613922 0.184122 0.0329051 0.0499742 6
0 0.7459 0.130641 0.0304044 0.0568046 7
0 0.303029 0.156538 0.0356754 0.057618 8
0 0.702309 0.188815 0.0317291 0.0490336 9
0 0.615268 0.0491072 0.0321675 0.0475222 10
0 0.511597 0.174066 0.0318147 0.0533716 11
0 0.399179 0.155463 0.0349215 0.0578188 12
