0 0.398236 0.0408478 0.0343034 0.0512856 1
0 0.662264 0.105669 0.032627 0.0585907 2
0 0.573626 0.0995899 0.032883 0.0586237 3
0 0.302473 0.035327 0.0355585 0.0536252 4
0 0.466842 0.0916837 0.0342886 0.0606009 5
0 0.613929 0.184137 0.0328822 0.0499323 6
0 0.745823 0.130639 0.0304568 0.0570115 7
0 0.303005 0.156559 0.0357376 0.0577433 8
0 0.702311 0.188827 0.031742 0.0490266 9
0 0.615208 0.0491323 0.0323134 0.0477397 10
0 0.511624 0.174092 0.0319306 0.0533791 11
0 0.399147 0.155401 0.0352086 0.0583483 12
