0 0.398535 0.0410523 0.0344916 0.0511956 1
0 0.662449 0.105686 0.0327744 0.0589664 2
0 0.573728 0.0995707 0.0326303 0.058595 3
0 0.302868 0.0356084 0.0356956 0.0537648 4
0 0.467019 0.0918917 0.0345057 0.0612418 5
0 0.61403 0.18423 0.0329278 0.0497923 6
0 0.745924 0.130819 0.0306157 0.0572603 7
0 0.303269 0.156664 0.0356344 0.0574492 8
0 0.70243 0.188912 0.0316959 0.0489355 9
0 0.615401 0.0493394 0.0322978 0.047972 10
0 0.51173 0.17417 0.0317037 0.0532874 11
0 0.399414 0.155617 0.0351689 0.0579734 12
