0 0.398653 0.0408742 0.03448 0.0512605 1
0 0.662659 0.105389 0.0327842 0.058644 2
0 0.573848 0.0996427 0.0326585 0.0586136 3
0 0.302916 0.0354784 0.0356446 0.0535813 4
0 0.467003 0.0916459 0.0343656 0.0612811 5
0 0.614144 0.184099 0.0329307 0.0497733 6
0 0.746149 0.130411 0.0307516 0.0570308 7
0 0.303366 0.156467 0.0355685 0.0575538 8
0 0.702742 0.188622 0.0315598 0.0487737 9
0 0.615532 0.0490514 0.0321762 0.0476686 10
0 0.511973 0.17384 0.0316325 0.0534133 11
0 0.399516 0.15527 0.0349754 0.0579426 12
