0 0.398682 0.0412225 0.034515 0.0513427 1
0 0.662646 0.10589 0.0327786 0.0588985 2
0 0.573801 0.0999886 0.0325341 0.0581284 3
0 0.302857 0.0359836 0.0357183 0.0540652 4
0 0.467126 0.0921193 0.0345055 0.0612397 5
0 0.614135 0.184506 0.0328504 0.0497758 6
0 0.746074 0.131014 0.0306149 0.0567519 7
0 0.303415 0.157035 0.0354512 0.0572449 8
0 0.702611 0.189336 0.0318806 0.0491352 9
0 0.615518 0.0495464 0.0324173 0.0479904 10
0 0.511814 0.174555 0.0315754 0.0530792 11
0 0.399487 0.156049 0.0349105 0.0577951 12
