0 0.398792 0.0408398 0.0345252 0.0511068 1
0 0.662828 0.105638 0.032998 0.0589883 2
0 0.574025 0.0994652 0.0327268 0.058727 3
0 0.303013 0.0355465 0.0356704 0.0536213 4
0 0.467101 0.091919 0.0344153 0.0613713 5
0 0.614265 0.184161 0.0330226 0.0500277 6
0 0.746205 0.130536 0.0305636 0.0569359 7
0 0.303531 0.156422 0.0355757 0.0575562 8
0 0.702728 0.188687 0.0317123 0.0489785 9
0 0.615627 0.0491335 0.0321434 0.0476282 10
0 0.512096 0.173979 0.0316431 0.0533415 11
0 0.399611 0.155252 0.0350535 0.0581322 12
