0 0.398578 0.0408634 0.0343203 0.0510771 1
0 0.662584 0.105619 0.0327911 0.0587861 2
0 0.573754 0.0995728 0.0328698 0.0587871 3
0 0.302899 0.0356013 0.0356861 0.0537808 4
0 0.467032 0.0917281 0.0344541 0.0611535 5
0 0.61405 0.184216 0.0329699 0.0499781 6
0 0.746072 0.130587 0.0306092 0.0570804 7
0 0.303231 0.156597 0.0355739 0.0574397 8
0 0.702627 0.188909 0.0317798 0.0490232 9
0 0.615395 0.0491776 0.0323186 0.047861 10
0 0.51183 0.174026 0.0317714 0.0532988 11
0 0.399364 0.155495 0.035212 0.0581643 12
