0 0.398695 0.0408927 0.0344205 0.0511121 1
0 0.662805 0.105342 0.0329682 0.0588269 2
0 0.573942 0.0995837 0.0326395 0.0587278 3
0 0.303074 0.0354002 0.0356151 0.0535763 4
0 0.467176 0.0917249 0.0344212 0.0615205 5
0 0.614237 0.184115 0.0328513 0.049699 6
0 0.746185 0.130483 0.0306697 0.0569823 7
0 0.303477 0.156495 0.0355509 0.0575538 8
0 0.702814 0.188655 0.0315691 0.0488373 9
0 0.615594 0.049066 0.0321452 0.0475577 10
0 0.51206 0.173952 0.0315889 0.0533751 11
0 0.399662 0.155239 0.0349563 0.0580445 12
