0 0.398377 0.0409948 0.0343774 0.0512147 1
0 0.66227 0.105764 0.032609 0.0585976 2
0 0.573459 0.0998185 0.0327829 0.0586139 3
0 0.302715 0.0356805 0.0356966 0.0538006 4
0 0.466883 0.0918374 0.0344279 0.06093 5
0 0.613876 0.184267 0.032763 0.0496765 6
0 0.745745 0.130802 0.0305092 0.0570826 7
0 0.303082 0.156588 0.035716 0.0574428 8
0 0.702187 0.189031 0.0317228 0.0489527 9
0 0.615241 0.0494557 0.0321671 0.0475998 10
0 0.511636 0.174131 0.0319307 0.053418 11
0 0.399208 0.155551 0.0352936 0.0582447 12
