0 0.398376 0.0409343 0.0345769 0.0515742 1
0 0.662269 0.105647 0.032603 0.0586829 2
0 0.573434 0.0996317 0.0329537 0.0590258 3
0 0.302694 0.0354692 0.0356774 0.0538506 4
0 0.466886 0.0917767 0.0343707 0.0609825 5
0 0.613908 0.184126 0.0328797 0.0500279 6
0 0.74571 0.130751 0.0304975 0.0572372 7
0 0.303073 0.156576 0.0356591 0.057574 8
0 0.702239 0.188894 0.0317821 0.049039 9
0 0.615266 0.0493378 0.0323465 0.0477254 10
0 0.511534 0.174076 0.0317889 0.0533588 11
0 0.39922 0.155462 0.0351605 0.0580246 12
