0 0.398382 0.0410587 0.0344037 0.0512172 1
0 0.662285 0.105723 0.0326241 0.0586248 2
0 0.573466 0.0999264 0.0327939 0.0586598 3
0 0.30279 0.035628 0.0357683 0.0538904 4
0 0.466951 0.0917788 0.0344888 0.0610555 5
0 0.613883 0.184234 0.0328317 0.0497433 6
0 0.745728 0.130978 0.0306707 0.05746 7
0 0.303175 0.156625 0.0357673 0.057566 8
0 0.702198 0.189022 0.0317346 0.0489565 9
0 0.615214 0.049398 0.0322014 0.0476269 10
0 0.511669 0.174164 0.0318665 0.0533413 11
0 0.399235 0.15573 0.0350697 0.0578974 12
