0 0.398584 0.041073 0.0344808 0.0513976 1
0 0.662515 0.105712 0.0327582 0.0588834 2
0 0.5738 0.0996915 0.0328537 0.0588573 3
0 0.302894 0.0355978 0.0354866 0.0537505 4
0 0.467102 0.0919096 0.0345491 0.0612874 5
0 0.614081 0.184239 0.0329542 0.0499534 6
0 0.746064 0.130631 0.0307109 0.0571114 7
0 0.30329 0.156769 0.0355521 0.0574677 8
0 0.702537 0.188917 0.0317741 0.0489954 9
0 0.61544 0.0493035 0.0323277 0.0479019 10
0 0.511832 0.174284 0.0317472 0.0533332 11
0 0.399473 0.155582 0.0350132 0.0580119 12
