0 0.563346 0.818958 0.0308946 0.0555888 14
0 0.349057 0.79146 0.0338091 0.0595883 15
0 0.253721 0.779686 0.0359904 0.0601484 16
0 0.517324 0.869407 0.0334471 0.058795 17
0 0.604666 0.883769 0.0307859 0.0562427 18
0 0.412633 0.852819 0.0336191 0.0605103 19
0 0.683463 0.913597 0.0293953 0.0517844 20
0 0.340356 0.90515 0.0353297 0.0477438 21
0 0.244556 0.898513 0.034505 0.0451971 22
0 0.450732 0.929092 0.0329674 0.0403013 23
0 0.550895 0.944324 0.0331678 0.036087 24
0 0.635811 0.95662 0.0325205 0.0334749 25
