0 0.398529 0.0408356 0.0345464 0.0513736 1
0 0.662641 0.105533 0.0327189 0.058586 2
0 0.57382 0.0995591 0.0329482 0.0590525 3
0 0.302924 0.0353935 0.0356646 0.053592 4
0 0.466968 0.0917312 0.0344014 0.0613604 5
0 0.614098 0.184172 0.0328701 0.0497096 6
0 0.746105 0.130438 0.030668 0.0570243 7
0 0.303298 0.156521 0.035574 0.0575863 8
0 0.702561 0.188738 0.0315691 0.0488072 9
0 0.615477 0.0489729 0.0322407 0.0478343 10
0 0.511855 0.173938 0.0316252 0.0532613 11
0 0.399428 0.155366 0.0349657 0.0580398 12
