0 0.398723 0.0409123 0.0345402 0.0513087 1
0 0.662734 0.105371 0.0330079 0.0589444 2
0 0.573966 0.0996297 0.0327454 0.0589646 3
0 0.303032 0.0354357 0.0355713 0.0535359 4
0 0.467161 0.0917272 0.0342633 0.0612541 5
0 0.614273 0.184131 0.0330023 0.0499498 6
0 0.746179 0.130465 0.0307329 0.0571183 7
0 0.303416 0.156479 0.0355748 0.0576213 8
0 0.70269 0.188579 0.0315794 0.0488874 9
0 0.615549 0.0488959 0.032263 0.0477891 10
0 0.512023 0.173988 0.0315725 0.0533158 11
0 0.399596 0.155396 0.0349344 0.0580402 12
