0 0.398343 0.0408271 0.0343086 0.0512565 1
0 0.662284 0.105572 0.0327879 0.0589305 2
0 0.573572 0.099572 0.0329286 0.0587991 3
0 0.302666 0.0354109 0.0355917 0.0536708 4
0 0.466864 0.0917226 0.0343966 0.0608744 5
0 0.613917 0.184131 0.0329562 0.0500869 6
0 0.74593 0.130672 0.0305717 0.0572261 7
0 0.303042 0.156536 0.035724 0.0577392 8
0 0.702301 0.188778 0.0317342 0.0490305 9
0 0.61527 0.0491007 0.0323663 0.0478169 10
0 0.511624 0.173988 0.0320154 0.0535302 11
0 0.399222 0.155359 0.0350301 0.0581136 12
