0 0.398684 0.0408486 0.03453 0.0512513 1
0 0.662872 0.105397 0.0328459 0.0586917 2
0 0.574032 0.0995095 0.0325377 0.058467 3
0 0.302981 0.0354118 0.0356443 0.0536215 4
0 0.467116 0.0917052 0.0343985 0.0613104 5
0 0.61425 0.184148 0.0328271 0.0497001 6
0 0.746224 0.130437 0.0305675 0.056961 7
0 0.303489 0.156476 0.0355417 0.0574401 8
0 0.702749 0.188678 0.0315141 0.0487195 9
0 0.615575 0.0488852 0.0321431 0.0476326 10
0 0.512066 0.17403 0.0315934 0.0533409 11
0 0.399587 0.155268 0.0349307 0.0579048 12
