0 0.39876 0.0409343 0.0345533 0.051318 1
0 0.662817 0.105421 0.0330429 0.0589988 2
0 0.574013 0.099563 0.0327492 0.0589653 3
0 0.303082 0.035478 0.0357007 0.0537406 4
0 0.467196 0.0917347 0.0343786 0.0614949 5
0 0.614302 0.184127 0.0329761 0.0499047 6
0 0.746198 0.130458 0.0307507 0.0571131 7
0 0.303453 0.156512 0.0355991 0.0576719 8
0 0.702735 0.188586 0.0315803 0.0488933 9
0 0.615612 0.0490248 0.0322235 0.0477158 10
0 0.512012 0.174006 0.0316056 0.0534006 11
0 0.399627 0.155343 0.0349664 0.0580933 12
