0 0.398492 0.0408048 0.0345137 0.0514391 1
0 0.662445 0.105588 0.0326763 0.0586997 2
0 0.573589 0.0997197 0.0328091 0.0588091 3
0 0.302824 0.0355094 0.0356574 0.0536271 4
0 0.466971 0.091872 0.0342648 0.0609121 5
0 0.613955 0.184154 0.0328841 0.0499529 6
0 0.745838 0.130793 0.0305604 0.0569172 7
0 0.303163 0.156661 0.0357201 0.0576484 8
0 0.702363 0.188976 0.031728 0.0489609 9
0 0.615323 0.0493863 0.0322056 0.0476968 10
0 0.511627 0.174058 0.0317415 0.0533411 11
0 0.399336 0.155411 0.0351171 0.0580189 12
