0 0.398364 0.0408113 0.0344033 0.0513892 1
0 0.662325 0.105559 0.0327533 0.0588529 2
0 0.573575 0.0994533 0.0329541 0.0589296 3
0 0.302709 0.035425 0.0356955 0.0538193 4
0 0.466883 0.0916252 0.0344874 0.061047 5
0 0.613912 0.184061 0.0329579 0.0500685 6
0 0.745928 0.130655 0.0305335 0.0571681 7
0 0.303031 0.156485 0.0357188 0.0576875 8
0 0.702321 0.188709 0.0317107 0.0489831 9
0 0.615233 0.0490685 0.032362 0.0478128 10
0 0.511647 0.173973 0.0319813 0.053494 11
0 0.399237 0.155305 0.035092 0.0582251 12
