0 0.398325 0.0408993 0.0344352 0.0511732 1
0 0.662251 0.105647 0.0326879 0.0587561 2
0 0.573416 0.0995489 0.0329753 0.0585964 3
0 0.302738 0.0353727 0.0356148 0.0535727 4
0 0.466926 0.0916238 0.0343256 0.0607783 5
0 0.613889 0.184139 0.0328264 0.0498516 6
0 0.74575 0.130533 0.0304117 0.0571604 7
0 0.303101 0.156465 0.0356839 0.0574143 8
0 0.702278 0.188754 0.0315701 0.0486317 9
0 0.615178 0.0491468 0.0322922 0.0477047 10
0 0.511501 0.173979 0.0317547 0.0534067 11
0 0.399183 0.155342 0.0352237 0.058031 12
