0 0.398294 0.0408524 0.0343757 0.0513584 1
0 0.662273 0.105669 0.0326475 0.0585805 2
0 0.573623 0.099591 0.0328633 0.0584872 3
0 0.302472 0.0353242 0.0354889 0.0535392 4
0 0.466852 0.0917519 0.0343293 0.0606275 5
0 0.613911 0.184162 0.0329163 0.0499471 6
0 0.745846 0.130625 0.0304386 0.0569009 7
0 0.303001 0.156536 0.0357083 0.0577199 8
0 0.702309 0.188853 0.0317256 0.0489774 9
0 0.615191 0.0491377 0.032294 0.0476999 10
0 0.511578 0.174095 0.031887 0.0533667 11
0 0.399133 0.155428 0.035192 0.058384 12
