0 0.393495 0.609061 0.0343741 0.0548662 1
0 0.655175 0.669155 0.0322423 0.0587605 2
0 0.566861 0.666086 0.0315841 0.0561035 3
0 0.298307 0.608548 0.0353929 0.058061 4
0 0.460623 0.661622 0.0333325 0.060075 5
0 0.605986 0.742674 0.0318553 0.0445386 6
0 0.737943 0.691829 0.0296529 0.055464 7
0 0.296648 0.727747 0.034705 0.0521188 8
0 0.693617 0.745501 0.0322116 0.0444419 9
0 0.609447 0.611027 0.0323133 0.0528791 10
0 0.503764 0.737389 0.0315789 0.048422 11
0 0.392235 0.724913 0.034399 0.0540762 12
