0 0.570948 0.815738 0.0308567 0.0546388 14
0 0.355644 0.795522 0.0342389 0.0588962 15
0 0.260381 0.787611 0.0354764 0.0600817 16
0 0.525336 0.866389 0.0334642 0.0585074 17
0 0.612776 0.876322 0.0316412 0.0573158 18
0 0.420389 0.855082 0.0324381 0.0602769 19
0 0.692764 0.90388 0.0298342 0.0533029 20
0 0.34901 0.91004 0.0353602 0.0468582 21
0 0.253374 0.907155 0.0356788 0.0455018 22
0 0.460107 0.929531 0.0336871 0.0395108 23
0 0.560208 0.941638 0.0338878 0.0357301 24
0 0.645516 0.949878 0.0329769 0.0340284 25
