0 0.398277 0.0408761 0.0343279 0.0512476 1
0 0.662185 0.105689 0.0326167 0.0586667 2
0 0.573358 0.0996991 0.0329579 0.0590068 3
0 0.302623 0.0354429 0.0356511 0.0538213 4
0 0.46691 0.0918404 0.0345037 0.0610674 5
0 0.613826 0.184199 0.0328545 0.0498672 6
0 0.745661 0.130826 0.030503 0.0572148 7
0 0.302912 0.156599 0.0356592 0.0575057 8
0 0.702184 0.188925 0.031795 0.0490276 9
0 0.615132 0.0494979 0.0323806 0.0478676 10
0 0.511476 0.174136 0.0318378 0.0534383 11
0 0.399141 0.155515 0.0351449 0.0580119 12
