0 0.398493 0.0409895 0.0343838 0.0513256 1
0 0.662443 0.105599 0.0326778 0.0586517 2
0 0.573737 0.0997666 0.0328904 0.0586639 3
0 0.302824 0.0355927 0.0355108 0.0537971 4
0 0.466956 0.0918689 0.0345275 0.0610953 5
0 0.614053 0.184249 0.0328511 0.049727 6
0 0.746028 0.130646 0.0304324 0.0566564 7
0 0.303232 0.156621 0.0355925 0.0575366 8
0 0.70248 0.188802 0.0317831 0.0489698 9
0 0.615329 0.0492135 0.0321658 0.0475604 10
0 0.511805 0.174127 0.0317264 0.0531801 11
0 0.399292 0.155551 0.0349055 0.0579034 12
