0 0.396977 0.321413 0.0349749 0.0542329 1
0 0.658797 0.38801 0.0321218 0.0591567 2
0 0.570528 0.381776 0.0319966 0.0579125 3
0 0.301301 0.316894 0.0359542 0.0564909 4
0 0.464472 0.374756 0.032399 0.0591882 5
0 0.609931 0.462672 0.0323169 0.0482224 6
0 0.742065 0.410991 0.0308188 0.0561431 7
0 0.300139 0.437629 0.0343739 0.0529286 8
0 0.697257 0.467317 0.0334924 0.0466133 9
0 0.613052 0.330767 0.0321545 0.050968 10
0 0.507872 0.453954 0.0306322 0.0489245 11
0 0.396117 0.436415 0.0341043 0.0552479 12
