0 0.398349 0.0408891 0.0345549 0.0512253 1
0 0.662226 0.105704 0.0326497 0.0587791 2
0 0.573379 0.0997476 0.0328318 0.0584488 3
0 0.302645 0.0353798 0.0354161 0.0534703 4
0 0.466905 0.0917307 0.034328 0.0607989 5
0 0.613879 0.184248 0.0329142 0.0499347 6
0 0.745742 0.130625 0.0306669 0.0573748 7
0 0.303069 0.156562 0.035638 0.0574287 8
0 0.702293 0.188833 0.0316475 0.0488568 9
0 0.615271 0.0492334 0.0320853 0.0474848 10
0 0.51156 0.174035 0.0316591 0.0531416 11
0 0.3992 0.155417 0.0351635 0.0578677 12
