0 0.398272 0.0409123 0.0343149 0.051271 1
0 0.662248 0.10561 0.0326564 0.0585977 2
0 0.573535 0.0996541 0.0329768 0.0587527 3
0 0.302475 0.0353766 0.0355455 0.0535948 4
0 0.466859 0.0917858 0.0342992 0.0606166 5
0 0.613908 0.184128 0.0330001 0.0501079 6
0 0.745852 0.130747 0.030334 0.0567189 7
0 0.303 0.156503 0.0357121 0.0577051 8
0 0.702301 0.188844 0.0316884 0.0489409 9
0 0.615198 0.0490495 0.0322457 0.0476242 10
0 0.511661 0.174068 0.0318778 0.0532806 11
0 0.399131 0.155418 0.0350964 0.0581691 12
