0 0.398676 0.0407932 0.0345837 0.0512111 1
0 0.662802 0.105381 0.032897 0.058803 2
0 0.573959 0.0994875 0.0326795 0.0586374 3
0 0.302993 0.0355221 0.0356205 0.0535684 4
0 0.467061 0.0918589 0.0343879 0.0613513 5
0 0.614233 0.184118 0.0328577 0.0497514 6
0 0.746153 0.130527 0.0306091 0.0570045 7
0 0.303476 0.156417 0.0355748 0.0575743 8
0 0.702752 0.188693 0.031495 0.048603 9
0 0.615628 0.0489951 0.0321591 0.0476437 10
0 0.512046 0.173951 0.0316626 0.0533836 11
0 0.399597 0.15523 0.035031 0.0581003 12
