0 0.398616 0.0410547 0.0344959 0.0511337 1
0 0.662535 0.105653 0.0326798 0.0586574 2
0 0.57374 0.0997124 0.0326242 0.0587229 3
0 0.30293 0.0357028 0.0358091 0.0538979 4
0 0.467064 0.0919643 0.0343853 0.0610587 5
0 0.614096 0.184281 0.0328861 0.0497989 6
0 0.745925 0.13082 0.030725 0.0572592 7
0 0.303416 0.156703 0.0355467 0.0573807 8
0 0.702504 0.188988 0.0317229 0.049041 9
0 0.615497 0.0492735 0.0321729 0.0477013 10
0 0.511912 0.174351 0.0316056 0.0529271 11
0 0.399486 0.155497 0.0350828 0.0578914 12
