0 0.39836 0.0409284 0.034628 0.0516471 1
0 0.662309 0.105638 0.0326222 0.058754 2
0 0.573462 0.0996234 0.0329224 0.058898 3
0 0.302753 0.0354487 0.0358234 0.0540793 4
0 0.46693 0.0918535 0.034327 0.0608898 5
0 0.613877 0.18413 0.0328905 0.0500283 6
0 0.745727 0.13069 0.0305343 0.0572953 7
0 0.303097 0.156654 0.0356815 0.057612 8
0 0.702263 0.1888 0.0317671 0.0490042 9
0 0.615242 0.0492365 0.0323702 0.0477978 10
0 0.511542 0.17414 0.0317239 0.0532921 11
0 0.399215 0.155433 0.0351968 0.0581163 12
