0 0.398299 0.0409154 0.0345477 0.0515534 1
0 0.662208 0.105777 0.0327418 0.0589523 2
0 0.573383 0.09948 0.0330359 0.0592928 3
0 0.302624 0.0355288 0.0355871 0.0536745 4
0 0.466847 0.0918126 0.0342643 0.0607945 5
0 0.613847 0.184219 0.0329149 0.0500485 6
0 0.745679 0.130513 0.0304865 0.0572988 7
0 0.303026 0.15646 0.0356604 0.0575608 8
0 0.70223 0.188822 0.0319899 0.0494114 9
0 0.615169 0.0494823 0.0324979 0.047976 10
0 0.511519 0.174142 0.0319037 0.0535371 11
0 0.399193 0.155503 0.0352794 0.0581856 12
