0 0.398545 0.0409744 0.0345299 0.0514811 1
0 0.662629 0.105653 0.0327571 0.0587404 2
0 0.5739 0.0996155 0.0327005 0.0587403 3
0 0.30295 0.0356369 0.035639 0.0536654 4
0 0.467032 0.0918145 0.0343636 0.0611009 5
0 0.614092 0.184227 0.0329407 0.0499173 6
0 0.746079 0.130772 0.030609 0.0571317 7
0 0.303305 0.156692 0.0355868 0.0574977 8
0 0.702638 0.188896 0.0317343 0.0490061 9
0 0.615443 0.0491162 0.0322709 0.047875 10
0 0.511923 0.174115 0.0317359 0.0532938 11
0 0.399499 0.155543 0.0351471 0.057954 12
