0 0.39847 0.0408686 0.0346109 0.0513703 1
0 0.662478 0.105539 0.0325897 0.0585703 2
0 0.573684 0.099485 0.032584 0.0583118 3
0 0.302914 0.0354942 0.0357312 0.053662 4
0 0.466949 0.0917973 0.0344028 0.0610369 5
0 0.613999 0.184094 0.0328727 0.0499019 6
0 0.745936 0.130531 0.0304239 0.057039 7
0 0.303288 0.156436 0.0356555 0.0574308 8
0 0.702537 0.188634 0.0316395 0.0489293 9
0 0.615413 0.0490759 0.0320995 0.0474603 10
0 0.511821 0.173945 0.0316703 0.0532574 11
0 0.399375 0.15527 0.0351114 0.0579077 12
