0 0.398355 0.0409028 0.0346653 0.051709 1
0 0.662284 0.105691 0.0326515 0.0588003 2
0 0.573467 0.0995557 0.0329969 0.0591062 3
0 0.302698 0.0353588 0.0357387 0.0539527 4
0 0.466891 0.0918604 0.0343744 0.0609955 5
0 0.613888 0.184098 0.0328558 0.0499781 6
0 0.745719 0.130717 0.0305211 0.0573123 7
0 0.30308 0.156616 0.0356969 0.0576392 8
0 0.702273 0.188831 0.0318433 0.0491435 9
0 0.615214 0.0492591 0.0323648 0.0477595 10
0 0.511556 0.174099 0.0317406 0.0532879 11
0 0.39923 0.15548 0.0352386 0.0581674 12
