0 0.398378 0.0408484 0.0345073 0.0512844 1
0 0.662273 0.105749 0.0327326 0.0588031 2
0 0.573578 0.0995592 0.0328991 0.0586583 3
0 0.302675 0.035497 0.0357822 0.0537188 4
0 0.4669 0.0917025 0.0344392 0.061049 5
0 0.613964 0.184101 0.0329427 0.0500264 6
0 0.745847 0.130555 0.0305128 0.0572408 7
0 0.303139 0.156533 0.0357404 0.0575648 8
0 0.702382 0.188818 0.0318174 0.0490994 9
0 0.615232 0.0493778 0.0323326 0.0478217 10
0 0.511608 0.174063 0.0317122 0.0533499 11
0 0.399272 0.155333 0.0351584 0.0579475 12
