0 0.398622 0.0407833 0.0345994 0.0514874 1
0 0.662462 0.105616 0.032761 0.0587307 2
0 0.573604 0.0995201 0.0328093 0.0588342 3
0 0.302841 0.0354026 0.0357274 0.0537363 4
0 0.466955 0.0918994 0.0342821 0.0610944 5
0 0.613997 0.18409 0.0329422 0.0498881 6
0 0.745846 0.13059 0.0305352 0.0567513 7
0 0.303242 0.156609 0.0355891 0.0574841 8
0 0.702461 0.188962 0.0317263 0.0489359 9
0 0.615373 0.0492398 0.0322312 0.0478607 10
0 0.511737 0.174021 0.0317508 0.053449 11
0 0.399346 0.155407 0.0350778 0.0580893 12
