0 0.398424 0.0409949 0.034423 0.0512051 1
0 0.662351 0.105671 0.0326332 0.0586804 2
0 0.573519 0.0997429 0.0328194 0.0587321 3
0 0.302786 0.0356095 0.035697 0.0537819 4
0 0.466956 0.0918478 0.0343208 0.0607786 5
0 0.613884 0.184245 0.0328587 0.0497833 6
0 0.745787 0.13079 0.0304899 0.0571166 7
0 0.303154 0.156657 0.0358381 0.057713 8
0 0.70228 0.188962 0.0317238 0.0489529 9
0 0.615331 0.0493617 0.0322318 0.0477343 10
0 0.511675 0.174136 0.0319007 0.0534351 11
0 0.399262 0.155522 0.035072 0.0579639 12
