0 0.57382 0.82276 0.0303143 0.053509 14
0 0.358674 0.807055 0.0353853 0.060039 15
0 0.26299 0.800654 0.0352729 0.0597912 16
0 0.52877 0.875816 0.0343515 0.0595796 17
0 0.615302 0.884127 0.0313195 0.0559417 18
0 0.423369 0.865914 0.0329117 0.0611961 19
0 0.696217 0.90953 0.0298353 0.0522642 20
0 0.352575 0.921918 0.0360346 0.0460704 21
0 0.256404 0.921054 0.0363611 0.0440388 22
0 0.463371 0.939619 0.0345557 0.0390943 23
0 0.563373 0.95068 0.0346991 0.035409 24
0 0.649143 0.956887 0.0331256 0.034126 25
