0 0.398564 0.0409422 0.0344391 0.0513427 1
0 0.662602 0.105607 0.032804 0.0588444 2
0 0.573788 0.099491 0.0327897 0.0588478 3
0 0.302939 0.0355981 0.0357446 0.0538282 4
0 0.467048 0.0918399 0.0344462 0.0612958 5
0 0.614104 0.184204 0.0330019 0.050048 6
0 0.746072 0.130623 0.0306167 0.057136 7
0 0.303305 0.156633 0.0356718 0.0576664 8
0 0.702635 0.188816 0.0317038 0.048931 9
0 0.615475 0.0491298 0.0323435 0.0479958 10
0 0.511843 0.174115 0.0317043 0.053243 11
0 0.399463 0.155553 0.0352183 0.0580771 12
