0 0.39829 0.0409009 0.0344531 0.0513528 1
0 0.662267 0.105648 0.0326556 0.0585518 2
0 0.573586 0.0996088 0.0330215 0.0588326 3
0 0.30254 0.0353208 0.0355248 0.0535314 4
0 0.466851 0.0917651 0.0343161 0.0606305 5
0 0.61392 0.184174 0.0329141 0.0499646 6
0 0.745818 0.1306 0.0303926 0.0567271 7
0 0.303011 0.156552 0.0357027 0.0576892 8
0 0.702315 0.188882 0.0317461 0.0489815 9
0 0.615199 0.0491235 0.0322846 0.0476655 10
0 0.511564 0.1741 0.0318126 0.0533376 11
0 0.399156 0.155464 0.0351183 0.0581286 12
