0 0.398697 0.0408828 0.0344649 0.0511875 1
0 0.662758 0.105286 0.0327941 0.0585831 2
0 0.57392 0.0994974 0.0326801 0.0587837 3
0 0.302959 0.0354435 0.0356706 0.0536146 4
0 0.467026 0.0915408 0.0343537 0.0613227 5
0 0.614197 0.18406 0.0328456 0.049621 6
0 0.746165 0.130479 0.0307169 0.0569373 7
0 0.303392 0.15649 0.0355458 0.0575577 8
0 0.702742 0.18865 0.0316054 0.0488751 9
0 0.615549 0.0489031 0.0321486 0.0475534 10
0 0.511974 0.173812 0.0316166 0.0534417 11
0 0.399543 0.155216 0.0349251 0.0579659 12
