0 0.398411 0.0408663 0.0344669 0.0511535 1
0 0.662283 0.105607 0.0325869 0.0585543 2
0 0.573444 0.0995937 0.0328474 0.0584853 3
0 0.302728 0.0354178 0.0356184 0.0535074 4
0 0.466895 0.0915878 0.034359 0.0608423 5
0 0.613931 0.184106 0.0328744 0.0499854 6
0 0.745862 0.130561 0.030453 0.0572508 7
0 0.303103 0.156506 0.0356946 0.0574894 8
0 0.702363 0.18875 0.0317043 0.0488825 9
0 0.615206 0.049248 0.0322145 0.0475245 10
0 0.511535 0.173936 0.0317335 0.0534374 11
0 0.399206 0.155252 0.0351521 0.0579505 12
