0 0.557891 0.839146 0.0309352 0.055776 14
0 0.345053 0.807373 0.0341723 0.0586229 15
0 0.249481 0.793564 0.035878 0.060933 16
0 0.512053 0.889048 0.0332435 0.058759 17
0 0.599096 0.904269 0.0311346 0.0568952 18
0 0.408354 0.871918 0.0329516 0.060841 19
0 0.67745 0.936087 0.0298199 0.0513873 20
0 0.334837 0.920968 0.034698 0.0467908 21
0 0.239167 0.911859 0.0355954 0.0455814 22
0 0.444942 0.946831 0.0327281 0.0392116 23
0 0.544635 0.964905 0.0335781 0.0358789 24
0 0.629773 0.977559 0.0333415 0.0345124 25
