0 0.55717 0.844066 0.0311961 0.0562661 14
0 0.344257 0.810978 0.0345105 0.0590553 15
0 0.248619 0.796868 0.0360715 0.0613143 16
0 0.511264 0.893231 0.033258 0.0585438 17
0 0.598087 0.908952 0.0310223 0.0565498 18
0 0.407734 0.875988 0.0332505 0.06179 19
0 0.676186 0.940696 0.0298347 0.0512932 20
0 0.333842 0.924902 0.0350384 0.0471508 21
0 0.238251 0.915557 0.0357637 0.0457881 22
0 0.443869 0.950608 0.0326966 0.0390606 23
0 0.543773 0.969199 0.0344021 0.0370729 24
0 0.628874 0.981653 0.0333432 0.0346805 25
