0 0.39848 0.0409272 0.034414 0.0513015 1
0 0.662346 0.1056 0.0326324 0.0585316 2
0 0.573619 0.0994592 0.0327461 0.0586363 3
0 0.302644 0.0353441 0.0355912 0.0537158 4
0 0.466907 0.091811 0.034379 0.0608477 5
0 0.613999 0.184131 0.0329711 0.0500411 6
0 0.745904 0.130762 0.0305022 0.0569669 7
0 0.303104 0.156579 0.0357258 0.0576302 8
0 0.702505 0.188864 0.0317165 0.0489076 9
0 0.615276 0.049049 0.0321326 0.047639 10
0 0.511707 0.174043 0.0318461 0.0532909 11
0 0.399256 0.155369 0.0349941 0.0580227 12
