0 0.398288 0.0408929 0.0344551 0.0514788 1
0 0.66219 0.105636 0.0326407 0.058753 2
0 0.573414 0.0996072 0.0328837 0.0589835 3
0 0.302674 0.0355309 0.0356318 0.0536914 4
0 0.466865 0.0918327 0.0342891 0.0607682 5
0 0.613822 0.184169 0.0327598 0.0497689 6
0 0.745671 0.130633 0.0304898 0.0573104 7
0 0.303008 0.156572 0.0356884 0.0575743 8
0 0.702182 0.188889 0.0317115 0.0489486 9
0 0.615249 0.0493545 0.0323161 0.047755 10
0 0.511466 0.174082 0.0318524 0.0534739 11
0 0.399159 0.155422 0.0352704 0.0581591 12
