0 0.39872 0.0408764 0.0345369 0.0511917 1
0 0.662865 0.105406 0.0329574 0.0589313 2
0 0.573998 0.0995795 0.0327956 0.0588968 3
0 0.303119 0.03547 0.0358578 0.0539498 4
0 0.467147 0.0918719 0.0344959 0.0614991 5
0 0.614314 0.184143 0.0328959 0.0498429 6
0 0.746214 0.130447 0.030676 0.0572472 7
0 0.303497 0.156464 0.0355826 0.0575154 8
0 0.702733 0.188693 0.0315856 0.0488431 9
0 0.615635 0.0490884 0.0321249 0.0476158 10
0 0.51202 0.173935 0.0316544 0.0534285 11
0 0.399616 0.155337 0.0349863 0.0580328 12
