0 0.398708 0.0409334 0.0344696 0.0511704 1
0 0.662816 0.105348 0.0329376 0.058765 2
0 0.57396 0.0995609 0.0326634 0.0587419 3
0 0.302955 0.0354058 0.035684 0.0536545 4
0 0.467163 0.0916934 0.0344597 0.0614912 5
0 0.614243 0.18412 0.0328665 0.0497331 6
0 0.746202 0.130414 0.0306425 0.056978 7
0 0.303468 0.156483 0.0354993 0.057417 8
0 0.702812 0.188627 0.0314609 0.0486439 9
0 0.615596 0.0490732 0.0321252 0.0475186 10
0 0.512043 0.173931 0.0316198 0.0534206 11
0 0.39964 0.155244 0.034872 0.0578568 12
