0 0.3983 0.0409087 0.0344305 0.0514494 1
0 0.662194 0.105626 0.032643 0.0587085 2
0 0.573381 0.0996926 0.0328982 0.0589174 3
0 0.302695 0.0354593 0.0357288 0.0539083 4
0 0.466863 0.091787 0.0344186 0.0609316 5
0 0.613826 0.184211 0.0328405 0.0498616 6
0 0.745664 0.130796 0.0305251 0.0573581 7
0 0.302983 0.156566 0.0356802 0.0575273 8
0 0.702187 0.188868 0.0318362 0.0491526 9
0 0.615174 0.0494226 0.0322391 0.0476188 10
0 0.511435 0.174154 0.0317556 0.0533373 11
0 0.39915 0.155489 0.0352234 0.0580814 12
