0 0.398706 0.040912 0.0345153 0.0511774 1
0 0.662835 0.105409 0.032862 0.0587193 2
0 0.573999 0.099588 0.0326002 0.05853 3
0 0.302947 0.0355446 0.0356038 0.0535522 4
0 0.467141 0.0919037 0.0344445 0.0613847 5
0 0.614244 0.184139 0.0328227 0.0497173 6
0 0.746225 0.130434 0.030602 0.0570827 7
0 0.303503 0.156455 0.0355269 0.0574231 8
0 0.702751 0.18872 0.0315489 0.0487823 9
0 0.615661 0.0490764 0.0319541 0.0473483 10
0 0.512062 0.173946 0.0316827 0.0534746 11
0 0.399616 0.155282 0.0349276 0.0579309 12
