0 0.398321 0.0409609 0.034449 0.0514568 1
0 0.662312 0.105558 0.0326674 0.0586637 2
0 0.573574 0.0994861 0.0328312 0.0586917 3
0 0.302699 0.0353828 0.0356191 0.0536904 4
0 0.466812 0.0917263 0.034389 0.0608065 5
0 0.613951 0.184048 0.0329684 0.0500755 6
0 0.745894 0.130776 0.0305048 0.0570451 7
0 0.303031 0.15658 0.035687 0.0576362 8
0 0.702353 0.188784 0.0317076 0.0489478 9
0 0.615245 0.0491041 0.0321334 0.047473 10
0 0.511719 0.173988 0.031979 0.0534425 11
0 0.39917 0.155326 0.0349187 0.0578961 12
