0 0.398355 0.0409014 0.0344853 0.0512308 1
0 0.662245 0.105695 0.0327496 0.0588508 2
0 0.573432 0.0994759 0.0330016 0.0586596 3
0 0.302647 0.0353285 0.0355607 0.0534692 4
0 0.466931 0.0916229 0.0344498 0.0610646 5
0 0.613879 0.184133 0.0329048 0.0499706 6
0 0.745766 0.130626 0.030451 0.0572341 7
0 0.303133 0.156404 0.0357195 0.0574678 8
0 0.702272 0.188735 0.0316761 0.0487898 9
0 0.615235 0.0491489 0.0322605 0.0476554 10
0 0.511502 0.17392 0.031794 0.0535047 11
0 0.399171 0.155337 0.0352058 0.0580168 12
