0 0.398277 0.040826 0.0343187 0.0511858 1
0 0.662264 0.105657 0.0325963 0.058405 2
0 0.573556 0.099631 0.0330457 0.0588091 3
0 0.302518 0.0354418 0.0354573 0.0534206 4
0 0.466846 0.0917694 0.0344508 0.0608647 5
0 0.613926 0.184149 0.032964 0.0500209 6
0 0.745835 0.130637 0.0304389 0.0568434 7
0 0.302998 0.15657 0.0356933 0.057678 8
0 0.702317 0.188876 0.0316608 0.0488624 9
0 0.615195 0.0491655 0.0321897 0.0474729 10
0 0.511596 0.174015 0.0318556 0.0533865 11
0 0.399177 0.155496 0.0349604 0.0578619 12
