0 0.398412 0.0410232 0.0345711 0.0515932 1
0 0.662344 0.105635 0.0326713 0.0586597 2
0 0.573648 0.0994959 0.0328422 0.0588112 3
0 0.302624 0.0354424 0.0356147 0.053722 4
0 0.466937 0.0917365 0.0343401 0.0607797 5
0 0.613962 0.18411 0.0329101 0.0499482 6
0 0.745915 0.130733 0.0304862 0.0569978 7
0 0.303111 0.156564 0.0357615 0.057695 8
0 0.702392 0.188841 0.0317209 0.0489157 9
0 0.615243 0.0491126 0.0322175 0.0476853 10
0 0.511705 0.174062 0.0319072 0.0533249 11
0 0.399256 0.155437 0.0350874 0.0581654 12
