0 0.39848 0.0408445 0.034517 0.051441 1
0 0.662429 0.105588 0.032717 0.0588103 2
0 0.573569 0.0997205 0.0327807 0.0587561 3
0 0.302818 0.0354829 0.0357533 0.0537901 4
0 0.466963 0.0918468 0.0343362 0.0610529 5
0 0.613946 0.184206 0.0328274 0.0498899 6
0 0.745846 0.130729 0.0306045 0.0570369 7
0 0.303175 0.156649 0.0356833 0.0575647 8
0 0.702375 0.189001 0.0317801 0.0490507 9
0 0.615329 0.0494415 0.0322296 0.0477072 10
0 0.511602 0.174127 0.0318002 0.053442 11
0 0.399309 0.155432 0.0351175 0.0580106 12
