0 0.398586 0.0410655 0.0344001 0.0512222 1
0 0.662636 0.10572 0.03274 0.0588386 2
0 0.573842 0.0997874 0.0327606 0.0585614 3
0 0.302794 0.0358162 0.0354568 0.0537167 4
0 0.467077 0.0919669 0.0345933 0.0613359 5
0 0.614174 0.184247 0.0328986 0.0498388 6
0 0.745995 0.130602 0.0305993 0.0567059 7
0 0.303388 0.156842 0.0355458 0.0573954 8
0 0.702599 0.188952 0.0317217 0.0488249 9
0 0.615481 0.0491875 0.0321317 0.0475515 10
0 0.511885 0.174244 0.0317826 0.0533876 11
0 0.399524 0.155618 0.0349439 0.0578596 12
