0 0.398546 0.0408602 0.0344306 0.0511449 1
0 0.662568 0.105509 0.0327708 0.058776 2
0 0.57381 0.0994363 0.0327741 0.0587482 3
0 0.302967 0.0353432 0.0356856 0.0536659 4
0 0.466931 0.0917258 0.0344258 0.0612371 5
0 0.614142 0.184095 0.0328763 0.0498254 6
0 0.746054 0.130389 0.0305268 0.0570775 7
0 0.303389 0.156421 0.0356913 0.0576527 8
0 0.702678 0.188558 0.0315963 0.0488021 9
0 0.615479 0.0489265 0.0321064 0.0474573 10
0 0.511921 0.173901 0.0316059 0.0531993 11
0 0.399458 0.155254 0.0350392 0.0579886 12
