0 0.398588 0.0410385 0.0344797 0.0511553 1
0 0.662566 0.105692 0.0326812 0.0587061 2
0 0.573759 0.0997015 0.0327702 0.0589325 3
0 0.302934 0.0355757 0.0356734 0.0536978 4
0 0.467067 0.0919817 0.0344199 0.0611148 5
0 0.614078 0.184271 0.0329038 0.0498306 6
0 0.74597 0.130814 0.0306241 0.0570473 7
0 0.303353 0.15669 0.0356652 0.057565 8
0 0.70253 0.188983 0.0316764 0.0488831 9
0 0.615517 0.0492872 0.0321711 0.0476903 10
0 0.511907 0.174239 0.03167 0.053129 11
0 0.399482 0.155537 0.0351602 0.0580126 12
