0 0.398712 0.0408866 0.0345343 0.0511427 1
0 0.66282 0.105467 0.032863 0.0587213 2
0 0.574004 0.0994772 0.0324943 0.0582673 3
0 0.302973 0.0355458 0.0356064 0.0535274 4
0 0.467129 0.0919666 0.0344203 0.0613585 5
0 0.614246 0.184169 0.0328746 0.0498016 6
0 0.746211 0.130475 0.030618 0.0570388 7
0 0.303506 0.156432 0.0354707 0.0573655 8
0 0.702763 0.188718 0.0315621 0.0487523 9
0 0.61567 0.0491232 0.0318963 0.0472377 10
0 0.512058 0.173935 0.0316981 0.0534682 11
0 0.399616 0.155255 0.0349261 0.0579124 12
