0 0.398313 0.0409683 0.0343747 0.0512444 1
0 0.66225 0.105601 0.0327134 0.0586626 2
0 0.573488 0.0995357 0.0330783 0.0589842 3
0 0.302629 0.0354109 0.0356272 0.0537314 4
0 0.466902 0.0918263 0.0345336 0.0610276 5
0 0.613915 0.184187 0.0329026 0.0499894 6
0 0.745793 0.130637 0.030561 0.0571018 7
0 0.302996 0.156549 0.0356484 0.057582 8
0 0.702299 0.188843 0.0317255 0.0489727 9
0 0.615215 0.0491718 0.0323704 0.0478459 10
0 0.511577 0.174089 0.0318672 0.0534463 11
0 0.399195 0.155457 0.0351338 0.0581697 12
