0 0.398495 0.137405 0.035684 0.0534105 1
0 0.661344 0.205347 0.031466 0.0582899 2
0 0.572794 0.198957 0.0329149 0.0586638 3
0 0.302676 0.13162 0.0358575 0.0537784 4
0 0.466579 0.190574 0.0329993 0.0602458 5
0 0.61258 0.282448 0.0322387 0.0501248 6
0 0.744856 0.230969 0.0307226 0.0569243 7
0 0.301752 0.25293 0.0355477 0.0578208 8
0 0.700608 0.288122 0.0319804 0.0479374 9
0 0.61506 0.14973 0.0320233 0.0473273 10
0 0.510376 0.272171 0.0325607 0.0534224 11
0 0.398174 0.252962 0.0355864 0.0588688 12
