0 0.395747 0.422068 0.034013 0.053808 1
0 0.657295 0.486877 0.0317476 0.0573874 2
0 0.569289 0.481489 0.0326897 0.0588216 3
0 0.300322 0.418432 0.0354818 0.0568527 4
0 0.463211 0.475818 0.0333565 0.0602982 5
0 0.608639 0.560767 0.0313664 0.0455157 6
0 0.740446 0.508986 0.0311069 0.0564164 7
0 0.298707 0.538472 0.035299 0.0539621 8
0 0.695764 0.564512 0.0325252 0.0452194 9
0 0.611729 0.429331 0.0312837 0.05082 10
0 0.506182 0.55386 0.0317363 0.049855 11
0 0.394503 0.536788 0.0350219 0.0558079 12
