0 0.398441 0.0408876 0.0345511 0.0514973 1
0 0.662386 0.105676 0.0326313 0.0586909 2
0 0.573537 0.0995918 0.0327567 0.0586887 3
0 0.302788 0.0353697 0.0358153 0.0538902 4
0 0.466931 0.0918893 0.0343495 0.0610824 5
0 0.613912 0.184182 0.0328525 0.0499396 6
0 0.745838 0.130722 0.0305223 0.0568959 7
0 0.303131 0.156589 0.0356823 0.0575468 8
0 0.702343 0.188939 0.0316914 0.0489224 9
0 0.615271 0.0492973 0.0323252 0.0478669 10
0 0.511614 0.174153 0.0317305 0.0533097 11
0 0.399251 0.155505 0.0352141 0.0581695 12
