0 0.398443 0.0407957 0.034626 0.0513182 1
0 0.662187 0.105825 0.032769 0.0589905 2
0 0.573421 0.0997139 0.0328691 0.0585094 3
0 0.302576 0.0353195 0.0355147 0.053635 4
0 0.466871 0.0917586 0.0343679 0.060868 5
0 0.613878 0.184294 0.0329306 0.0499556 6
0 0.745702 0.130753 0.0308239 0.0576649 7
0 0.303064 0.156483 0.0355467 0.0572839 8
0 0.702294 0.188755 0.0316078 0.048789 9
0 0.615285 0.049286 0.032246 0.0477364 10
0 0.511564 0.174073 0.0315756 0.0530121 11
0 0.399165 0.155422 0.0352095 0.0579437 12
