0 0.39886 0.0967143 0.035247 0.0521486 1
0 0.661785 0.163659 0.031359 0.0589751 2
0 0.57345 0.157026 0.0320738 0.0581028 3
0 0.303161 0.0909478 0.0355919 0.0530391 4
0 0.466874 0.148718 0.0331902 0.0611185 5
0 0.612832 0.242138 0.0332298 0.0519318 6
0 0.745343 0.189292 0.0309484 0.0579383 7
0 0.30247 0.212492 0.0360719 0.0590468 8
0 0.701769 0.246698 0.0318473 0.04939 9
0 0.615291 0.108003 0.0316889 0.0484752 10
0 0.51093 0.230683 0.0321703 0.0530546 11
0 0.398777 0.212392 0.0359395 0.0591097 12
