0 0.39837 0.0409354 0.0343721 0.0512488 1
0 0.662323 0.105641 0.0327816 0.058835 2
0 0.573574 0.0995177 0.033027 0.0588631 3
0 0.30275 0.0354585 0.0356554 0.0537294 4
0 0.466946 0.091819 0.034489 0.0608745 5
0 0.613958 0.184127 0.0328994 0.0499864 6
0 0.745838 0.130653 0.0304701 0.0569962 7
0 0.303054 0.15662 0.0357468 0.0576902 8
0 0.702319 0.188892 0.0317207 0.0489923 9
0 0.615246 0.0491541 0.0324119 0.0478847 10
0 0.511601 0.174158 0.0318065 0.0533267 11
0 0.399261 0.155486 0.0350545 0.0580693 12
