0 0.398613 0.0410859 0.0344098 0.0510153 1
0 0.662552 0.105637 0.0326663 0.0586114 2
0 0.57376 0.0996578 0.0327752 0.0590148 3
0 0.30294 0.0356117 0.0356997 0.0537273 4
0 0.467049 0.0919506 0.0343621 0.0610039 5
0 0.614073 0.184227 0.0329111 0.0498328 6
0 0.746004 0.130865 0.0306513 0.0570882 7
0 0.303363 0.156654 0.0355191 0.0573449 8
0 0.702497 0.188984 0.0316724 0.0489425 9
0 0.615505 0.0492851 0.0321406 0.047632 10
0 0.511932 0.174233 0.0317124 0.0531433 11
0 0.399448 0.155511 0.0351272 0.0579533 12
