0 0.564044 0.817437 0.0305311 0.0550401 14
0 0.349627 0.78983 0.0335117 0.0590703 15
0 0.254597 0.778594 0.0358546 0.0598621 16
0 0.517962 0.867412 0.0335248 0.058862 17
0 0.605304 0.881374 0.0308331 0.0562643 18
0 0.413172 0.851441 0.0333901 0.0601146 19
0 0.684254 0.91104 0.0297258 0.052592 20
0 0.341163 0.904171 0.0350466 0.0472296 21
0 0.24539 0.897874 0.0348108 0.045902 22
0 0.451807 0.92797 0.0335448 0.040873 23
0 0.551744 0.941895 0.0323301 0.0350556 24
0 0.636652 0.95504 0.033452 0.0344734 25
