0 0.398428 0.0409844 0.0344265 0.0512137 1
0 0.662371 0.105742 0.0326888 0.0587943 2
0 0.573557 0.0996869 0.0328056 0.0587391 3
0 0.302764 0.0356409 0.0356839 0.0537521 4
0 0.466982 0.0919327 0.0345999 0.0613222 5
0 0.6139 0.184244 0.0328692 0.0498077 6
0 0.745752 0.13086 0.0304926 0.0571584 7
0 0.303178 0.156649 0.0357126 0.0574765 8
0 0.702267 0.188954 0.0317546 0.0490022 9
0 0.615279 0.0494368 0.0324458 0.0480542 10
0 0.511644 0.174292 0.031847 0.0533238 11
0 0.399246 0.155579 0.0352024 0.0582097 12
