0 0.398375 0.0408677 0.0345243 0.0512493 1
0 0.662281 0.105575 0.0325873 0.0585681 2
0 0.573498 0.0995397 0.0328997 0.0585963 3
0 0.302748 0.035419 0.0356579 0.0535638 4
0 0.466914 0.0916407 0.0343029 0.0607648 5
0 0.613913 0.18412 0.0328942 0.0500075 6
0 0.745856 0.130464 0.0304038 0.0571534 7
0 0.303136 0.156473 0.0356501 0.0574123 8
0 0.702355 0.188806 0.03169 0.0488605 9
0 0.615198 0.0491266 0.0322499 0.047603 10
0 0.511504 0.174017 0.0317177 0.0534077 11
0 0.399242 0.15529 0.0351467 0.0579501 12
