0 0.392439 0.736343 0.0343414 0.0565533 1
0 0.653156 0.794003 0.0319593 0.0586327 2
0 0.565334 0.791538 0.0321939 0.0583499 3
0 0.296846 0.736972 0.0355431 0.0600246 4
0 0.458916 0.788788 0.0330635 0.0594983 5
0 0.604082 0.86708 0.0322231 0.0439081 6
0 0.735908 0.814473 0.0300182 0.0554804 7
0 0.295013 0.856847 0.0337398 0.0489294 8
0 0.691422 0.867268 0.0301621 0.0407173 9
0 0.607854 0.735833 0.0323589 0.0543256 10
0 0.50173 0.862871 0.0315531 0.0468494 11
0 0.390943 0.852121 0.0338121 0.0518536 12
