0 0.398605 0.0410699 0.0344957 0.051155 1
0 0.662585 0.105734 0.0327378 0.0587667 2
0 0.573777 0.0997239 0.0327471 0.0589385 3
0 0.302844 0.0356714 0.0356536 0.0536193 4
0 0.467079 0.0920154 0.0343973 0.0610993 5
0 0.614079 0.184259 0.0328918 0.0498072 6
0 0.745989 0.130826 0.0305959 0.0569498 7
0 0.303389 0.156718 0.0356249 0.0574964 8
0 0.702522 0.188988 0.0316628 0.0489399 9
0 0.615537 0.0492961 0.032128 0.0476886 10
0 0.511964 0.174277 0.0316936 0.0529968 11
0 0.399489 0.155536 0.0351403 0.0580216 12
