0 0.398732 0.0409754 0.0345768 0.0512196 1
0 0.662871 0.105513 0.0329848 0.0589898 2
0 0.574044 0.0995139 0.0325026 0.0583133 3
0 0.302969 0.0356319 0.0357373 0.0537261 4
0 0.467106 0.0919492 0.0344516 0.0614127 5
0 0.614333 0.184211 0.0329704 0.0499623 6
0 0.746247 0.130664 0.0307894 0.0574148 7
0 0.303521 0.156405 0.0355194 0.0574328 8
0 0.702752 0.188734 0.0316232 0.0488718 9
0 0.615619 0.0491826 0.0321303 0.047625 10
0 0.512062 0.173907 0.0316663 0.0534099 11
0 0.399604 0.155248 0.0350647 0.0581718 12
