0 0.39825 0.040868 0.0343055 0.051281 1
0 0.662227 0.105719 0.0325561 0.058427 2
0 0.573524 0.0995458 0.0328132 0.0584525 3
0 0.302524 0.0353235 0.0355379 0.0535716 4
0 0.466886 0.0916534 0.0343307 0.0606763 5
0 0.613908 0.184159 0.0328843 0.049921 6
0 0.745816 0.130743 0.0304073 0.0568937 7
0 0.302974 0.156572 0.0357094 0.0576832 8
0 0.702287 0.188881 0.0317029 0.0489676 9
0 0.615183 0.0491328 0.0322458 0.0476211 10
0 0.511648 0.174072 0.0318833 0.0532743 11
0 0.399129 0.15536 0.0350744 0.0581085 12
