0 0.398448 0.040778 0.034479 0.0512181 1
0 0.662361 0.105747 0.0328064 0.0589636 2
0 0.5736 0.0997431 0.0330245 0.0590424 3
0 0.30283 0.0355132 0.035597 0.0534571 4
0 0.467033 0.0918496 0.034449 0.0610733 5
0 0.613904 0.184222 0.0328817 0.049896 6
0 0.745837 0.130589 0.0304362 0.0571527 7
0 0.303182 0.156377 0.0356956 0.0575038 8
0 0.702364 0.18883 0.0317073 0.0489393 9
0 0.61534 0.0492867 0.0322195 0.0477153 10
0 0.511656 0.174087 0.0316657 0.0532547 11
0 0.399255 0.155362 0.0351168 0.05791 12
