0 0.398923 0.0852648 0.0346395 0.0510437 1
0 0.661987 0.152157 0.0314507 0.0594882 2
0 0.573663 0.144584 0.0323474 0.0587561 3
0 0.302981 0.0800928 0.0368107 0.0540636 4
0 0.467248 0.137286 0.0331731 0.0613354 5
0 0.613353 0.230602 0.0331846 0.0517815 6
0 0.745617 0.178083 0.0313968 0.0590305 7
0 0.302687 0.201671 0.0370586 0.0605824 8
0 0.701876 0.235011 0.0319347 0.0498373 9
0 0.61575 0.0966916 0.0319224 0.0493851 10
0 0.511121 0.219225 0.0321517 0.0534146 11
0 0.399028 0.201653 0.0361348 0.0592917 12
