0 0.392956 0.627514 0.0343496 0.0549688 1
0 0.654781 0.687314 0.032244 0.0587968 2
0 0.566611 0.683833 0.0322253 0.057362 3
0 0.297989 0.62785 0.0350351 0.0576235 4
0 0.460396 0.680266 0.0333459 0.0598737 5
0 0.605766 0.760492 0.0316358 0.0440189 6
0 0.737664 0.710175 0.0295125 0.055095 7
0 0.296464 0.746695 0.0344729 0.051488 8
0 0.693478 0.763182 0.0317793 0.0438672 9
0 0.609193 0.629433 0.0319969 0.0523791 10
0 0.503881 0.755221 0.0313122 0.0478065 11
0 0.391904 0.74366 0.0349101 0.0547054 12
