0 0.398503 0.040849 0.0344663 0.0512498 1
0 0.662535 0.105585 0.0327759 0.0586628 2
0 0.573792 0.0995918 0.0329134 0.059061 3
0 0.302901 0.0354609 0.0357341 0.0536807 4
0 0.466955 0.0917618 0.0343118 0.0612132 5
0 0.614058 0.184142 0.0329215 0.0498027 6
0 0.746061 0.130511 0.0306851 0.0570534 7
0 0.303261 0.156576 0.0356049 0.0576071 8
0 0.702516 0.18882 0.0315528 0.0487235 9
0 0.615442 0.0490897 0.0323005 0.0479376 10
0 0.511794 0.173969 0.031643 0.053253 11
0 0.399399 0.155377 0.034968 0.0579547 12
