0 0.394419 0.537385 0.0347418 0.0551089 1
0 0.655852 0.598978 0.032632 0.0587719 2
0 0.567771 0.595185 0.032939 0.058819 3
0 0.298905 0.53479 0.0360243 0.0587298 4
0 0.461537 0.590935 0.0329372 0.0596008 5
0 0.607045 0.672672 0.0325257 0.0457253 6
0 0.738635 0.622268 0.0307914 0.0571719 7
0 0.297481 0.655144 0.0354997 0.0541307 8
0 0.69427 0.675331 0.0320311 0.0434944 9
0 0.610163 0.541762 0.0318842 0.0519063 10
0 0.504977 0.666654 0.0319233 0.0491462 11
0 0.393103 0.652346 0.0353038 0.0560438 12
