0 0.393729 0.599947 0.0342423 0.0545617 1
0 0.655114 0.660138 0.0321374 0.0585206 2
0 0.567099 0.656942 0.0317935 0.0564704 3
0 0.298389 0.599027 0.0354928 0.0581879 4
0 0.460638 0.65266 0.0331655 0.059801 5
0 0.60615 0.733437 0.0318356 0.0446113 6
0 0.737998 0.682627 0.0297348 0.0556424 7
0 0.296582 0.718414 0.0340773 0.0511856 8
0 0.693404 0.736124 0.0321763 0.0443775 9
0 0.609603 0.601965 0.032337 0.0528375 10
0 0.503654 0.728123 0.0317988 0.048835 11
0 0.392374 0.715504 0.0343809 0.0542145 12
