0 0.562246 0.82209 0.0307949 0.0552154 14
0 0.348028 0.794176 0.033916 0.0596741 15
0 0.252607 0.781224 0.0362655 0.0610432 16
0 0.516417 0.872705 0.0334034 0.0587879 17
0 0.603136 0.88754 0.0310231 0.0567902 18
0 0.411168 0.856406 0.0336673 0.060693 19
0 0.681712 0.917308 0.029706 0.0520895 20
0 0.339125 0.907874 0.034972 0.0471632 21
0 0.243375 0.899916 0.0348931 0.0452404 22
0 0.449598 0.93189 0.0327831 0.0400542 23
0 0.549492 0.947513 0.0324982 0.0352966 24
0 0.634448 0.959913 0.032764 0.033739 25
