0 0.398419 0.0410027 0.0343922 0.0513245 1
0 0.662325 0.105581 0.0326223 0.0585158 2
0 0.573608 0.0995127 0.0328439 0.0587421 3
0 0.302647 0.0354849 0.0355427 0.0536258 4
0 0.466846 0.0917651 0.0342598 0.0605615 5
0 0.614008 0.184062 0.0329357 0.0499935 6
0 0.745819 0.130816 0.0305304 0.0571045 7
0 0.303053 0.156563 0.035674 0.0575667 8
0 0.7024 0.188717 0.0317905 0.0490387 9
0 0.615284 0.0491171 0.0320409 0.047384 10
0 0.511687 0.174039 0.0318643 0.05325 11
0 0.399235 0.155249 0.035026 0.058033 12
