0 0.398568 0.0409252 0.0344285 0.0513287 1
0 0.662627 0.105635 0.0327512 0.0587242 2
0 0.573758 0.0996887 0.0326418 0.0585695 3
0 0.302927 0.0356848 0.0356273 0.0536568 4
0 0.466983 0.0918849 0.0344207 0.0612218 5
0 0.614107 0.184157 0.0330076 0.0500395 6
0 0.746057 0.130781 0.0306709 0.0572471 7
0 0.303284 0.156654 0.0356578 0.0576298 8
0 0.702612 0.188888 0.0316946 0.0489319 9
0 0.615471 0.0490651 0.0321043 0.0476069 10
0 0.511894 0.174155 0.0317378 0.0532995 11
0 0.399439 0.155568 0.0350574 0.0577958 12
