0 0.398348 0.040854 0.0344396 0.0514334 1
0 0.662298 0.105562 0.0327857 0.058899 2
0 0.573559 0.0994605 0.0329447 0.0589204 3
0 0.302719 0.0354218 0.0356874 0.0538059 4
0 0.466839 0.0916476 0.0344627 0.0609666 5
0 0.613911 0.18405 0.032961 0.0500702 6
0 0.745973 0.13065 0.0305539 0.0571677 7
0 0.303025 0.156519 0.0357425 0.0577396 8
0 0.702342 0.1887 0.031732 0.0489921 9
0 0.615251 0.0490813 0.032338 0.0477918 10
0 0.511611 0.173941 0.0320144 0.0535433 11
0 0.39922 0.155294 0.0351183 0.0582596 12
