0 0.39856 0.0409551 0.0343729 0.0512284 1
0 0.662615 0.105594 0.0327215 0.0586773 2
0 0.573801 0.0996528 0.0326697 0.0585485 3
0 0.302952 0.0356827 0.0356619 0.0537014 4
0 0.467052 0.0918108 0.0343141 0.061014 5
0 0.61408 0.184137 0.0329702 0.0500058 6
0 0.746058 0.130777 0.0306771 0.0572708 7
0 0.303253 0.156713 0.0355793 0.0575093 8
0 0.702626 0.188926 0.0316461 0.0488319 9
0 0.615449 0.0490571 0.0320518 0.0475179 10
0 0.51185 0.174093 0.0317296 0.0532909 11
0 0.399411 0.155431 0.0351378 0.0579218 12
