0 0.398263 0.0409166 0.0343748 0.0512542 1
0 0.662258 0.105683 0.0325929 0.0584143 2
0 0.573556 0.099619 0.0330021 0.0587473 3
0 0.30255 0.0353736 0.035524 0.0535249 4
0 0.466869 0.0917635 0.0342864 0.0605667 5
0 0.613901 0.184204 0.0329979 0.0500966 6
0 0.745843 0.130635 0.0304375 0.0568019 7
0 0.303023 0.156589 0.0357164 0.0577198 8
0 0.702321 0.188845 0.0316717 0.0488604 9
0 0.615179 0.0490746 0.032323 0.0477033 10
0 0.511557 0.173974 0.0318732 0.0534352 11
0 0.399153 0.155555 0.0349971 0.0579187 12
