0 0.391755 0.809026 0.0347634 0.0578239 1
0 0.652745 0.865033 0.0322863 0.0603717 2
0 0.564407 0.864032 0.0326229 0.0599377 3
0 0.296119 0.811625 0.0347079 0.058979 4
0 0.458223 0.862036 0.032789 0.0594992 5
0 0.60284 0.939089 0.0303152 0.040028 6
0 0.734423 0.884268 0.0296437 0.0549412 7
0 0.293653 0.932206 0.0329336 0.0466472 8
0 0.69003 0.938409 0.0303732 0.0389809 9
0 0.606915 0.808169 0.0322214 0.0554333 10
0 0.501167 0.935311 0.0306592 0.0441405 11
0 0.389679 0.926098 0.0327123 0.0489499 12
