0 0.398554 0.0410329 0.0345007 0.0511691 1
0 0.662469 0.105722 0.0327566 0.0589795 2
0 0.573704 0.0995919 0.0327467 0.0587451 3
0 0.302857 0.0355749 0.0356919 0.053722 4
0 0.46703 0.0918536 0.0344625 0.0611302 5
0 0.613972 0.184264 0.0328507 0.0496941 6
0 0.745911 0.13078 0.030582 0.0571942 7
0 0.30326 0.156614 0.0356454 0.057458 8
0 0.702456 0.18895 0.0317286 0.048996 9
0 0.61541 0.049305 0.0323493 0.0479859 10
0 0.51175 0.174178 0.0316547 0.0531693 11
0 0.399395 0.155542 0.035145 0.0579831 12
