0 0.398619 0.0410561 0.0345169 0.0512361 1
0 0.662674 0.105609 0.0328618 0.0589132 2
0 0.573831 0.0995123 0.0327682 0.0590059 3
0 0.302973 0.0356395 0.0357465 0.0538309 4
0 0.467091 0.091913 0.0343626 0.0610548 5
0 0.614137 0.18418 0.0329901 0.0499743 6
0 0.746131 0.130712 0.0306797 0.0570605 7
0 0.303381 0.156584 0.0356203 0.057494 8
0 0.702666 0.188764 0.0316639 0.0488705 9
0 0.615527 0.0490983 0.0321724 0.0478079 10
0 0.511947 0.174112 0.0317698 0.0532047 11
0 0.399538 0.155416 0.0351025 0.0579954 12
