0 0.398597 0.0410755 0.0344928 0.0511389 1
0 0.662572 0.105689 0.0327202 0.0587396 2
0 0.573751 0.0996833 0.0327 0.0588696 3
0 0.302951 0.0356266 0.0357109 0.0537339 4
0 0.467056 0.0919964 0.0343885 0.061065 5
0 0.614071 0.184284 0.0329037 0.0498382 6
0 0.745954 0.130805 0.0306044 0.0570117 7
0 0.303366 0.156669 0.0356288 0.0575147 8
0 0.702528 0.188982 0.0316717 0.0489389 9
0 0.615509 0.0492748 0.0321754 0.0477236 10
0 0.511953 0.174258 0.0317093 0.0530838 11
0 0.399472 0.155523 0.0351228 0.0579993 12
