0 0.394177 0.555113 0.0348502 0.0555011 1
0 0.655684 0.616146 0.032445 0.0586705 2
0 0.567628 0.61232 0.0322062 0.0572775 3
0 0.298794 0.552754 0.0358559 0.0586051 4
0 0.461349 0.608068 0.0329075 0.0594625 5
0 0.606803 0.689687 0.0329042 0.0463285 6
0 0.738448 0.639315 0.0302412 0.0563507 7
0 0.297152 0.672966 0.0348988 0.053021 8
0 0.694033 0.692498 0.0329457 0.045077 9
0 0.610167 0.558461 0.0319906 0.0521445 10
0 0.504346 0.683982 0.032285 0.0497183 11
0 0.393067 0.670276 0.0345758 0.0547534 12
