0 0.398338 0.0408402 0.0343632 0.0513623 1
0 0.662251 0.105553 0.0327263 0.0588279 2
0 0.573558 0.0994678 0.0329282 0.058779 3
0 0.302612 0.0354422 0.0356399 0.0537624 4
0 0.466847 0.0916437 0.0343997 0.0608239 5
0 0.613918 0.184131 0.0328965 0.0500011 6
0 0.745874 0.130738 0.0305354 0.0571538 7
0 0.303018 0.156549 0.0357013 0.0576892 8
0 0.702292 0.188752 0.0316955 0.048976 9
0 0.615231 0.049101 0.0324355 0.047923 10
0 0.511613 0.174018 0.0320146 0.0535689 11
0 0.399176 0.155343 0.0351497 0.0582446 12
