0 0.398301 0.0409484 0.0344518 0.0514907 1
0 0.662179 0.105698 0.0326115 0.0586397 2
0 0.57338 0.0997956 0.0329462 0.058988 3
0 0.302678 0.0353946 0.0357105 0.0538988 4
0 0.466884 0.0918245 0.034377 0.0608545 5
0 0.613843 0.1842 0.0328497 0.049879 6
0 0.74573 0.130745 0.0303014 0.0568916 7
0 0.303016 0.156567 0.0356886 0.0575323 8
0 0.70219 0.188883 0.0317994 0.0490702 9
0 0.61516 0.0494549 0.0323604 0.0478274 10
0 0.511457 0.173973 0.0318279 0.0534958 11
0 0.399178 0.155417 0.035242 0.0581317 12
