0 0.398857 0.0877915 0.0348384 0.0514023 1
0 0.661869 0.154808 0.0312518 0.0590006 2
0 0.573508 0.147465 0.032145 0.0583287 3
0 0.302986 0.0826129 0.0368092 0.0543108 4
0 0.467029 0.140039 0.0332894 0.0615171 5
0 0.613273 0.233203 0.0330495 0.0516083 6
0 0.745683 0.180621 0.0313937 0.0589581 7
0 0.302573 0.204109 0.036928 0.0604076 8
0 0.7018 0.237958 0.0317536 0.0494588 9
0 0.615646 0.0995802 0.031783 0.0490203 10
0 0.511117 0.221715 0.031998 0.0530325 11
0 0.399052 0.204065 0.0360775 0.0592345 12
