0 0.398322 0.0408056 0.0344628 0.05123 1
0 0.662223 0.105651 0.032616 0.058682 2
0 0.573422 0.0995735 0.0329993 0.0587773 3
0 0.302609 0.0352147 0.0356149 0.0536132 4
0 0.466881 0.0916385 0.0343058 0.0608416 5
0 0.613897 0.184079 0.0329084 0.0500423 6
0 0.745753 0.13053 0.0304116 0.0570988 7
0 0.303045 0.15635 0.0356818 0.0575073 8
0 0.70231 0.188736 0.0315908 0.0487331 9
0 0.615259 0.049111 0.0321686 0.0476673 10
0 0.51156 0.173893 0.0318363 0.0535147 11
0 0.399195 0.155305 0.0352829 0.058144 12
