0 0.398264 0.0410918 0.0344543 0.0514841 1
0 0.662245 0.10581 0.0326167 0.0586445 2
0 0.573412 0.0998019 0.0328699 0.0587992 3
0 0.302644 0.0354577 0.0356839 0.0538953 4
0 0.466934 0.0918737 0.0345176 0.0611051 5
0 0.613837 0.184231 0.0329511 0.0500511 6
0 0.745666 0.130824 0.0305111 0.0571946 7
0 0.302985 0.156611 0.0357605 0.057658 8
0 0.702129 0.18905 0.031772 0.0489703 9
0 0.615181 0.0493823 0.0322823 0.047717 10
0 0.511462 0.174147 0.0318325 0.053391 11
0 0.399178 0.155676 0.0350966 0.0579206 12
