0 0.398643 0.0410647 0.0345315 0.051244 1
0 0.662644 0.105561 0.032818 0.0588731 2
0 0.573879 0.0995647 0.0327526 0.0590012 3
0 0.302993 0.0355902 0.0357122 0.0537362 4
0 0.467102 0.0919409 0.0343524 0.0610097 5
0 0.614167 0.184235 0.0329739 0.0499426 6
0 0.74611 0.130777 0.0307324 0.0571494 7
0 0.303392 0.156609 0.0356744 0.0576026 8
0 0.702655 0.188795 0.0317168 0.0490061 9
0 0.615567 0.0491523 0.0322119 0.0478597 10
0 0.511984 0.174174 0.031809 0.0532563 11
0 0.399523 0.155479 0.0351427 0.058076 12
