0 0.398526 0.0409742 0.0345106 0.0512032 1
0 0.662447 0.105648 0.0326932 0.0587496 2
0 0.573777 0.0994479 0.0327979 0.0587394 3
0 0.302858 0.0354865 0.0357276 0.053668 4
0 0.466941 0.0916692 0.0344439 0.0611362 5
0 0.614065 0.184042 0.0328897 0.0499244 6
0 0.745981 0.130381 0.0303769 0.0569186 7
0 0.30328 0.156426 0.0357583 0.0576037 8
0 0.702532 0.188457 0.0317931 0.0491793 9
0 0.615427 0.0491996 0.0322027 0.0476247 10
0 0.511806 0.173904 0.0317296 0.0533454 11
0 0.399372 0.155245 0.0351563 0.0580199 12
