0 0.398487 0.0410036 0.0345155 0.0513733 1
0 0.662556 0.105695 0.0327421 0.0587514 2
0 0.573797 0.0996034 0.03277 0.0586882 3
0 0.302803 0.0354899 0.0357172 0.053889 4
0 0.467012 0.0918161 0.0344085 0.0610941 5
0 0.614041 0.184185 0.0328874 0.0498237 6
0 0.745988 0.13067 0.0305248 0.0569192 7
0 0.303224 0.156636 0.0356174 0.057495 8
0 0.702625 0.188892 0.0317108 0.048897 9
0 0.615387 0.0491998 0.0322326 0.0477731 10
0 0.511809 0.174099 0.0317865 0.0533316 11
0 0.399349 0.155509 0.0351028 0.0580795 12
