0 0.398314 0.0408942 0.0344457 0.0513707 1
0 0.662263 0.105644 0.032606 0.0584729 2
0 0.573568 0.099616 0.032911 0.0586011 3
0 0.302586 0.0352921 0.0356136 0.0536516 4
0 0.46683 0.091763 0.0343566 0.0606396 5
0 0.613927 0.184121 0.0329256 0.0499875 6
0 0.745803 0.130553 0.0302772 0.0565864 7
0 0.303068 0.156576 0.0357157 0.0576293 8
0 0.702338 0.188837 0.0316698 0.0489284 9
0 0.615199 0.0491711 0.0323049 0.0477 10
0 0.511617 0.174028 0.0318309 0.053391 11
0 0.399157 0.155513 0.0350295 0.0579571 12
