0 0.398601 0.0408326 0.0343745 0.0509726 1
0 0.662718 0.105279 0.0327181 0.0585419 2
0 0.573819 0.0994965 0.0327393 0.0586911 3
0 0.302917 0.0353994 0.0356321 0.0536887 4
0 0.467026 0.0917033 0.0343725 0.0610868 5
0 0.61415 0.18403 0.0328965 0.0496846 6
0 0.746106 0.130413 0.0304729 0.0568656 7
0 0.303399 0.156346 0.0356312 0.0576188 8
0 0.702684 0.188563 0.0315907 0.0487953 9
0 0.615483 0.0489848 0.0320393 0.0473246 10
0 0.511925 0.173846 0.0316608 0.0533061 11
0 0.399503 0.155221 0.0349149 0.0579247 12
