0 0.398449 0.0408652 0.0345016 0.0514474 1
0 0.662391 0.105527 0.032797 0.0588976 2
0 0.573668 0.099446 0.0329601 0.0590671 3
0 0.302765 0.0354479 0.0356075 0.0537112 4
0 0.466959 0.0917339 0.0344567 0.061017 5
0 0.613939 0.184131 0.032995 0.0501045 6
0 0.746016 0.130666 0.0305575 0.057157 7
0 0.303103 0.156512 0.0358037 0.0577918 8
0 0.702447 0.188818 0.0317455 0.0489643 9
0 0.615262 0.0490982 0.032368 0.0479446 10
0 0.511695 0.174013 0.0319229 0.0534133 11
0 0.399307 0.155395 0.035128 0.0582477 12
