0 0.396214 0.355392 0.0349488 0.0547189 1
0 0.658271 0.421313 0.0325225 0.0597132 2
0 0.570058 0.41546 0.0323333 0.0584209 3
0 0.301047 0.351358 0.0358835 0.0569321 4
0 0.463987 0.408657 0.0327481 0.0595476 5
0 0.609724 0.496041 0.0321992 0.0477576 6
0 0.741389 0.444342 0.0310115 0.0563957 7
0 0.299737 0.471549 0.0343515 0.0520668 8
0 0.696589 0.500212 0.0334198 0.0467548 9
0 0.612632 0.364411 0.0320198 0.0515081 10
0 0.507271 0.487022 0.0310894 0.0493064 11
0 0.395587 0.470032 0.0342585 0.054602 12
