0 0.398696 0.112322 0.0352371 0.052208 1
0 0.661481 0.180045 0.0312107 0.0585094 2
0 0.573014 0.172757 0.0323458 0.0582945 3
0 0.303078 0.106284 0.034958 0.0522428 4
0 0.466736 0.165007 0.0327332 0.0598523 5
0 0.612812 0.257489 0.0328264 0.0513865 6
0 0.74531 0.205321 0.0305988 0.0569974 7
0 0.302082 0.228299 0.0359805 0.0588498 8
0 0.701087 0.262334 0.0317256 0.0486864 9
0 0.615079 0.123593 0.0321483 0.0483118 10
0 0.510798 0.246844 0.0322258 0.0529199 11
0 0.398607 0.227995 0.0358991 0.0592966 12
