0 0.398616 0.0410497 0.0345094 0.0511708 1
0 0.662617 0.105664 0.0327822 0.0588501 2
0 0.573822 0.0997235 0.0326733 0.0587672 3
0 0.302931 0.0357146 0.035666 0.0536216 4
0 0.467111 0.0920072 0.0344142 0.061127 5
0 0.614106 0.1843 0.0329177 0.049849 6
0 0.746106 0.130826 0.0306131 0.0570032 7
0 0.303409 0.156653 0.0356373 0.057519 8
0 0.702519 0.188946 0.0316651 0.048956 9
0 0.615521 0.0492272 0.0321976 0.047795 10
0 0.511927 0.174288 0.0317031 0.0530176 11
0 0.399515 0.155562 0.0351329 0.0580346 12
