0 0.3985 0.0409644 0.0344389 0.051274 1
0 0.662526 0.105591 0.0327199 0.0586697 2
0 0.573789 0.0995518 0.0327756 0.0586317 3
0 0.302768 0.0355888 0.0355492 0.0535966 4
0 0.466989 0.0917938 0.0344044 0.0610602 5
0 0.614059 0.184187 0.0329513 0.0499364 6
0 0.74602 0.130771 0.0305303 0.0569186 7
0 0.303226 0.156582 0.0356344 0.0575308 8
0 0.702561 0.188914 0.0318043 0.0490729 9
0 0.615403 0.0492482 0.0322165 0.0477262 10
0 0.511855 0.174134 0.0317706 0.053293 11
0 0.399352 0.155527 0.0350394 0.0579013 12
