0 0.398317 0.0408564 0.0344294 0.0511279 1
0 0.662259 0.105536 0.0325655 0.0585997 2
0 0.573403 0.0995718 0.032565 0.0578969 3
0 0.302656 0.0353424 0.035548 0.0535612 4
0 0.466893 0.0915503 0.0342978 0.0607866 5
0 0.613882 0.184052 0.0328698 0.0499124 6
0 0.745726 0.130466 0.0304301 0.0570903 7
0 0.303099 0.156386 0.0356136 0.0573894 8
0 0.702269 0.188805 0.0316592 0.04886 9
0 0.615224 0.0491871 0.0321685 0.0476336 10
0 0.511528 0.173885 0.0318704 0.0535752 11
0 0.399135 0.155129 0.0353341 0.0581803 12
