0 0.398479 0.0410321 0.0345306 0.0514061 1
0 0.662537 0.105716 0.0326909 0.0586724 2
0 0.573777 0.0995984 0.0327754 0.0587574 3
0 0.302802 0.0354933 0.0357028 0.0538891 4
0 0.467002 0.0918496 0.0343722 0.0610376 5
0 0.61404 0.184203 0.0328964 0.0498322 6
0 0.746005 0.130674 0.0305279 0.056916 7
0 0.303219 0.156651 0.0356309 0.0575375 8
0 0.702617 0.18888 0.0317181 0.0489218 9
0 0.615371 0.04921 0.0322587 0.0478221 10
0 0.511821 0.174094 0.0318045 0.0533796 11
0 0.399344 0.155487 0.0350794 0.0580738 12
