0 0.398287 0.0409187 0.034468 0.0514987 1
0 0.662215 0.105699 0.0326418 0.0586968 2
0 0.573406 0.0997002 0.0329366 0.0589811 3
0 0.302662 0.0353754 0.0357007 0.0538855 4
0 0.466892 0.0918422 0.0343336 0.0607597 5
0 0.613822 0.184209 0.0328578 0.0498788 6
0 0.745694 0.130693 0.030426 0.0571332 7
0 0.302994 0.156606 0.035725 0.0575895 8
0 0.702181 0.188867 0.0317922 0.049058 9
0 0.615177 0.0493507 0.0322749 0.0477063 10
0 0.511447 0.174056 0.0318138 0.053461 11
0 0.399171 0.155491 0.0352617 0.0581603 12
