0 0.398552 0.0410865 0.0345036 0.0514554 1
0 0.662547 0.105668 0.0326102 0.0586431 2
0 0.573761 0.0996984 0.0326532 0.0583526 3
0 0.302815 0.0355321 0.0356262 0.0540386 4
0 0.467029 0.0919247 0.0343493 0.0609471 5
0 0.614098 0.184268 0.0327615 0.0496101 6
0 0.745919 0.130555 0.0305975 0.0568139 7
0 0.303283 0.156756 0.0357249 0.0577497 8
0 0.702643 0.188956 0.0315953 0.0487476 9
0 0.61548 0.0491305 0.0321418 0.0475921 10
0 0.51187 0.174094 0.0316994 0.0532428 11
0 0.399368 0.155476 0.034991 0.0579268 12
