0 0.397222 0.308453 0.0342181 0.0530803 1
0 0.658925 0.3749 0.0322571 0.0595611 2
0 0.570746 0.368931 0.0325717 0.0590772 3
0 0.301347 0.30394 0.0358686 0.056043 4
0 0.464658 0.361711 0.0327768 0.0598893 5
0 0.61032 0.450145 0.0321692 0.0480537 6
0 0.742369 0.398589 0.0308821 0.0564259 7
0 0.300149 0.424484 0.0348428 0.0539252 8
0 0.697499 0.454543 0.0335938 0.0466864 9
0 0.613317 0.317982 0.0320348 0.0504811 10
0 0.507946 0.441143 0.0310346 0.0497607 11
0 0.396199 0.423623 0.0342779 0.0558595 12
