0 0.398554 0.0410594 0.0344591 0.0511516 1
0 0.662432 0.105685 0.0326768 0.0587689 2
0 0.573695 0.0996365 0.0327844 0.0589032 3
0 0.302873 0.0355762 0.0356665 0.0537127 4
0 0.466983 0.0919558 0.0344173 0.0610756 5
0 0.613977 0.184231 0.0328925 0.0497388 6
0 0.745873 0.130776 0.0305601 0.0571436 7
0 0.30326 0.156667 0.0356629 0.0574863 8
0 0.702401 0.189016 0.0316999 0.0489337 9
0 0.615463 0.0493235 0.0321609 0.0477484 10
0 0.511742 0.174184 0.0317228 0.0533172 11
0 0.399414 0.155528 0.0352179 0.0580564 12
