0 0.396159 0.36267 0.0343256 0.0537207 1
0 0.658033 0.428586 0.0320716 0.0587394 2
0 0.569969 0.422501 0.032112 0.0580194 3
0 0.300849 0.358643 0.0354651 0.0563093 4
0 0.463784 0.416109 0.0325366 0.0591062 5
0 0.60959 0.502612 0.0323095 0.04788 6
0 0.741254 0.451084 0.0307788 0.0559133 7
0 0.299404 0.478935 0.0348933 0.0528921 8
0 0.696467 0.507295 0.0331244 0.0463119 9
0 0.61246 0.371544 0.0318294 0.0513108 10
0 0.50731 0.494097 0.0312872 0.0495139 11
0 0.395267 0.477244 0.0340711 0.0541509 12
