0 0.398621 0.0408247 0.0343845 0.0509755 1
0 0.662731 0.105274 0.0327323 0.0585591 2
0 0.573846 0.0994777 0.0327409 0.0587408 3
0 0.302921 0.0354208 0.0356224 0.0537201 4
0 0.467081 0.0916811 0.0343859 0.0611422 5
0 0.614157 0.184042 0.0329074 0.0496668 6
0 0.746115 0.130473 0.0305848 0.0570584 7
0 0.303457 0.156417 0.0356149 0.0575725 8
0 0.702724 0.188593 0.0316 0.0487841 9
0 0.615516 0.0489505 0.0320574 0.0473764 10
0 0.511919 0.173865 0.0316559 0.0532949 11
0 0.399526 0.15515 0.0349252 0.0579176 12
