0 0.398474 0.0409077 0.0344861 0.0514084 1
0 0.662382 0.105535 0.0327997 0.0588759 2
0 0.573674 0.0993421 0.0329115 0.0589702 3
0 0.302772 0.0354278 0.0355987 0.0536949 4
0 0.466951 0.0917306 0.0344733 0.0610412 5
0 0.613962 0.184187 0.0330466 0.0501792 6
0 0.746042 0.130649 0.0305216 0.0570376 7
0 0.303134 0.156544 0.03574 0.0576621 8
0 0.70244 0.188825 0.0317087 0.0488963 9
0 0.61528 0.0491057 0.0323681 0.0479948 10
0 0.511711 0.173982 0.0318799 0.0533635 11
0 0.399285 0.155327 0.0351339 0.0582936 12
