0 0.398448 0.0408667 0.0345496 0.0514967 1
0 0.662391 0.105678 0.03265 0.0586795 2
0 0.57356 0.0996008 0.0327846 0.0587644 3
0 0.302786 0.0353884 0.035828 0.0538999 4
0 0.466918 0.0918823 0.0343492 0.0610826 5
0 0.613919 0.184201 0.0328754 0.0499729 6
0 0.745827 0.130664 0.0305396 0.0569094 7
0 0.303127 0.156591 0.0356466 0.0575067 8
0 0.702368 0.188977 0.0316808 0.0488815 9
0 0.615257 0.0492813 0.0323061 0.0478457 10
0 0.511628 0.174183 0.0317096 0.0532678 11
0 0.399253 0.155465 0.0352307 0.0582152 12
