0 0.398583 0.0408718 0.0344352 0.0512213 1
0 0.662643 0.105397 0.032755 0.0586438 2
0 0.573846 0.0996416 0.0326703 0.0585591 3
0 0.30303 0.0354492 0.0356831 0.0536181 4
0 0.466988 0.0916691 0.034343 0.0612165 5
0 0.614116 0.184043 0.0328563 0.0496864 6
0 0.746131 0.1304 0.0307078 0.0570394 7
0 0.303349 0.156546 0.0355548 0.0575519 8
0 0.702659 0.188671 0.0316035 0.0488342 9
0 0.615493 0.0490428 0.0322019 0.0477514 10
0 0.511929 0.173794 0.0316934 0.053439 11
0 0.399453 0.155261 0.0350251 0.0581256 12
