0 0.398654 0.040807 0.0345591 0.0512515 1
0 0.662791 0.105443 0.0327951 0.0586824 2
0 0.573925 0.0993424 0.0326475 0.0585977 3
0 0.302914 0.0353064 0.0356112 0.0537011 4
0 0.467043 0.0916868 0.0344151 0.0611831 5
0 0.614191 0.184101 0.0329764 0.0497727 6
0 0.746161 0.130523 0.0305358 0.0569926 7
0 0.303467 0.156398 0.0355696 0.0574894 8
0 0.702762 0.188541 0.0316312 0.0488159 9
0 0.615581 0.0489871 0.032205 0.0476604 10
0 0.511994 0.173916 0.0317228 0.053393 11
0 0.399574 0.155204 0.0350225 0.0580781 12
