0 0.398491 0.0409387 0.0344029 0.0512381 1
0 0.662384 0.105499 0.032676 0.0586112 2
0 0.573645 0.0995899 0.0327336 0.0586964 3
0 0.302607 0.0354419 0.0356291 0.0538016 4
0 0.467018 0.0917244 0.0344344 0.0610867 5
0 0.614 0.184059 0.033003 0.0500126 6
0 0.74595 0.130751 0.0304918 0.0568696 7
0 0.303129 0.156582 0.035623 0.0575065 8
0 0.702444 0.188786 0.0317406 0.0489328 9
0 0.615356 0.0491283 0.0320847 0.0475285 10
0 0.511771 0.174002 0.0318108 0.0533403 11
0 0.399318 0.15543 0.0349441 0.0578717 12
