0 0.398276 0.0408494 0.0343476 0.0511973 1
0 0.662268 0.105589 0.0325439 0.0583618 2
0 0.573537 0.0996285 0.0329821 0.0587408 3
0 0.302688 0.0355375 0.0356342 0.0537039 4
0 0.466882 0.0918167 0.0343326 0.0605971 5
0 0.613915 0.184153 0.0328484 0.049852 6
0 0.745759 0.130573 0.0304666 0.0569501 7
0 0.303053 0.156593 0.0357195 0.0576613 8
0 0.702305 0.188769 0.0317111 0.0490093 9
0 0.615177 0.0491681 0.0321238 0.0474178 10
0 0.511626 0.17402 0.0317634 0.0532824 11
0 0.399154 0.155533 0.0349389 0.057815 12
