0 0.398337 0.0409341 0.0343485 0.0512246 1
0 0.662277 0.105664 0.0327411 0.0587367 2
0 0.573556 0.0995824 0.03309 0.0589877 3
0 0.302711 0.0354953 0.0355662 0.0535807 4
0 0.466927 0.0917976 0.0345261 0.060964 5
0 0.613935 0.184142 0.0329428 0.0500438 6
0 0.745856 0.130541 0.0304452 0.0569437 7
0 0.303062 0.156652 0.0357255 0.0576563 8
0 0.702308 0.18881 0.031744 0.0490403 9
0 0.61523 0.0491278 0.0324257 0.0479076 10
0 0.511579 0.174177 0.0317732 0.0532861 11
0 0.399253 0.155404 0.0352291 0.0583718 12
