0 0.398286 0.040841 0.0343363 0.0513349 1
0 0.662297 0.105681 0.0325847 0.0584542 2
0 0.573547 0.0995827 0.0328664 0.0584947 3
0 0.302568 0.0354772 0.0354964 0.0535493 4
0 0.46686 0.0916601 0.0344433 0.0608401 5
0 0.613907 0.184155 0.0328798 0.0499043 6
0 0.745955 0.130666 0.0305048 0.0569858 7
0 0.302975 0.156606 0.0356915 0.0576835 8
0 0.702262 0.18884 0.0316385 0.0488658 9
0 0.615201 0.0491221 0.0321043 0.0474088 10
0 0.511629 0.174009 0.0318821 0.0533452 11
0 0.399167 0.155495 0.0351244 0.0582354 12
