0 0.398542 0.0410136 0.0344666 0.0514302 1
0 0.66249 0.105674 0.0328692 0.059089 2
0 0.573756 0.0996592 0.032853 0.0587005 3
0 0.302872 0.0355866 0.0354685 0.0537819 4
0 0.467099 0.0919335 0.0345364 0.0611558 5
0 0.614039 0.184245 0.032976 0.0499883 6
0 0.74605 0.130601 0.0307584 0.0571759 7
0 0.30327 0.156738 0.0355752 0.0575095 8
0 0.702517 0.188874 0.0318306 0.0490265 9
0 0.615417 0.0492401 0.0324067 0.0479568 10
0 0.511824 0.174205 0.0317573 0.0532793 11
0 0.399421 0.155569 0.0350599 0.0581659 12
