0 0.39847 0.0408592 0.0343917 0.0510834 1
0 0.662498 0.105487 0.0326735 0.0586516 2
0 0.5737 0.099343 0.0326458 0.0584866 3
0 0.302948 0.0353657 0.0355453 0.0533968 4
0 0.466984 0.0917521 0.0343673 0.0611251 5
0 0.614036 0.184016 0.0328366 0.0498253 6
0 0.745945 0.130411 0.0303586 0.0567988 7
0 0.303285 0.15641 0.0356535 0.0574996 8
0 0.702586 0.188602 0.0315637 0.0487702 9
0 0.61546 0.0490689 0.0321216 0.0474782 10
0 0.51181 0.17387 0.0316876 0.053298 11
0 0.399399 0.155203 0.0350797 0.0579574 12
