0 0.398344 0.0410394 0.0343597 0.0511983 1
0 0.662237 0.105717 0.03261 0.0585958 2
0 0.573422 0.0997643 0.0328135 0.0586689 3
0 0.302742 0.0356177 0.035659 0.0537305 4
0 0.466844 0.0917889 0.0344598 0.0609895 5
0 0.613876 0.184268 0.0328197 0.0497937 6
0 0.745754 0.130777 0.0304901 0.0570265 7
0 0.303104 0.156631 0.035746 0.0574899 8
0 0.702181 0.189058 0.031713 0.0489445 9
0 0.615232 0.0495294 0.0321891 0.04765 10
0 0.511585 0.174061 0.0318827 0.0533315 11
0 0.399169 0.155553 0.0352323 0.058107 12
