0 0.398282 0.0408745 0.0343374 0.0512836 1
0 0.662238 0.105687 0.0326113 0.0586493 2
0 0.573426 0.0995957 0.0329935 0.0591386 3
0 0.302622 0.0355247 0.0357213 0.0538728 4
0 0.466893 0.0918322 0.0343059 0.0607173 5
0 0.61381 0.184252 0.0329105 0.0499777 6
0 0.745712 0.130634 0.0304829 0.0572809 7
0 0.303015 0.156535 0.0356457 0.0574485 8
0 0.702193 0.188884 0.0317735 0.0490561 9
0 0.615145 0.0494144 0.0323253 0.0477515 10
0 0.51151 0.174073 0.03177 0.0533534 11
0 0.399174 0.155534 0.0352001 0.0580554 12
