0 0.398315 0.0409885 0.034518 0.0515261 1
0 0.662324 0.105636 0.0327275 0.0587354 2
0 0.573633 0.0995493 0.0329132 0.0588876 3
0 0.302684 0.0353643 0.0355847 0.0536621 4
0 0.466901 0.0917699 0.034348 0.0607165 5
0 0.61394 0.184101 0.0329234 0.049967 6
0 0.745903 0.130653 0.0304753 0.0570021 7
0 0.303055 0.156553 0.0357348 0.0576823 8
0 0.7024 0.188786 0.0317402 0.048945 9
0 0.615215 0.0491004 0.0322925 0.0477593 10
0 0.511694 0.174028 0.031908 0.0533248 11
0 0.399211 0.155445 0.0350413 0.0580754 12
