0 0.398555 0.0408311 0.0343486 0.0511587 1
0 0.662577 0.105634 0.0328354 0.0588866 2
0 0.57378 0.0995343 0.0328796 0.0588678 3
0 0.302886 0.0355615 0.0356584 0.0537166 4
0 0.467046 0.09175 0.0344659 0.0612595 5
0 0.614052 0.184218 0.0330188 0.0500804 6
0 0.74607 0.130543 0.0306068 0.0570774 7
0 0.303252 0.15658 0.0355657 0.0574517 8
0 0.702622 0.188875 0.0318216 0.0490691 9
0 0.615393 0.0491758 0.0323771 0.0479828 10
0 0.511846 0.174041 0.0317768 0.0533565 11
0 0.399407 0.155542 0.0352488 0.0581761 12
