0 0.398496 0.0410149 0.0344478 0.0513647 1
0 0.66252 0.105755 0.0327083 0.0588395 2
0 0.573796 0.0997243 0.0328115 0.0588078 3
0 0.302788 0.0355473 0.0356187 0.0539966 4
0 0.467049 0.0919593 0.0344432 0.061109 5
0 0.614105 0.184268 0.0328953 0.0498437 6
0 0.746067 0.130641 0.0305443 0.0567802 7
0 0.303261 0.156719 0.0355997 0.0575571 8
0 0.702588 0.18892 0.0317594 0.0489899 9
0 0.615449 0.0492166 0.03221 0.0477166 10
0 0.511836 0.174288 0.031736 0.0533073 11
0 0.399367 0.155536 0.0350453 0.0580547 12
