0 0.398473 0.0409838 0.0345459 0.0514447 1
0 0.662435 0.105676 0.0327463 0.0587608 2
0 0.573725 0.099543 0.0327694 0.0587717 3
0 0.302657 0.0353862 0.0355855 0.0537148 4
0 0.466976 0.091932 0.0343947 0.0610194 5
0 0.614007 0.184138 0.0329711 0.0499432 6
0 0.745979 0.130659 0.0305315 0.0569384 7
0 0.303165 0.156621 0.0356417 0.0575451 8
0 0.702551 0.188803 0.0317478 0.0489315 9
0 0.615335 0.0491621 0.0322449 0.0477983 10
0 0.511763 0.174044 0.031836 0.0533845 11
0 0.399311 0.155446 0.0350386 0.058073 12
