0 0.398313 0.0409906 0.0345218 0.0515781 1
0 0.662316 0.10565 0.0326846 0.0587105 2
0 0.573627 0.0995548 0.0329206 0.0588709 3
0 0.302663 0.035326 0.03558 0.053628 4
0 0.466853 0.0916807 0.0343434 0.0607295 5
0 0.613925 0.184089 0.0329213 0.0499909 6
0 0.745885 0.130654 0.030485 0.0570449 7
0 0.303042 0.156556 0.0357137 0.0576829 8
0 0.702377 0.188819 0.0317266 0.0489828 9
0 0.615219 0.0490933 0.0322718 0.0476842 10
0 0.511668 0.174033 0.0319057 0.0533174 11
0 0.399211 0.155363 0.0350767 0.0582094 12
