0 0.398759 0.0408889 0.0345436 0.0512973 1
0 0.662825 0.105403 0.0330294 0.0589562 2
0 0.574021 0.0995872 0.0327526 0.0589498 3
0 0.303131 0.0354797 0.0358089 0.0538739 4
0 0.46722 0.0917528 0.0344402 0.0615232 5
0 0.61431 0.184112 0.0329557 0.049881 6
0 0.746199 0.130472 0.0307009 0.0570746 7
0 0.303469 0.156513 0.0355734 0.0575917 8
0 0.702767 0.188576 0.031596 0.0488882 9
0 0.615603 0.0490247 0.0322434 0.0477057 10
0 0.512019 0.173942 0.0316168 0.0534356 11
0 0.399621 0.155354 0.0349452 0.0580198 12
