0 0.398341 0.0408463 0.0343751 0.0511058 1
0 0.662236 0.105584 0.0326126 0.0586387 2
0 0.573425 0.0995895 0.0326767 0.0581153 3
0 0.302723 0.0353388 0.0355487 0.0534725 4
0 0.466866 0.0916049 0.0342881 0.060727 5
0 0.613886 0.184117 0.0327703 0.0498139 6
0 0.745743 0.130569 0.030495 0.0572439 7
0 0.303084 0.156441 0.0356404 0.0573844 8
0 0.702306 0.188766 0.0316685 0.0488027 9
0 0.615196 0.0491385 0.0320416 0.047397 10
0 0.511508 0.173965 0.0317739 0.0533975 11
0 0.399159 0.155256 0.0351432 0.0578812 12
