0 0.398612 0.0409851 0.0344794 0.051176 1
0 0.662678 0.105549 0.0327655 0.0587364 2
0 0.573702 0.0998335 0.0325356 0.0585395 3
0 0.302936 0.0356839 0.0357908 0.0538849 4
0 0.467059 0.0918567 0.0342819 0.0608832 5
0 0.614162 0.184055 0.0328625 0.0497594 6
0 0.746056 0.130723 0.0306905 0.0570449 7
0 0.30338 0.156677 0.0356208 0.0574893 8
0 0.702612 0.188931 0.0316365 0.0488392 9
0 0.615575 0.0490708 0.0320934 0.0476913 10
0 0.511956 0.174114 0.0318075 0.0532544 11
0 0.399478 0.155444 0.0350712 0.0579505 12
