0 0.398713 0.0407824 0.03452 0.0510935 1
0 0.662772 0.10539 0.0330359 0.0590678 2
0 0.573986 0.0993506 0.0326663 0.058601 3
0 0.303074 0.0355101 0.0356587 0.05363 4
0 0.467094 0.091913 0.0345006 0.0615738 5
0 0.614237 0.184152 0.0329917 0.0499581 6
0 0.74616 0.130487 0.0306791 0.05714 7
0 0.303475 0.156404 0.0356773 0.0577313 8
0 0.702724 0.188682 0.0316819 0.048921 9
0 0.615598 0.0489893 0.0321816 0.0476568 10
0 0.512087 0.173897 0.0315781 0.0532349 11
0 0.399637 0.155266 0.0350384 0.0581079 12
