0 0.398226 0.0408193 0.0342327 0.0511825 1
0 0.662235 0.105585 0.032586 0.0585179 2
0 0.573494 0.0996008 0.0329594 0.0587516 3
0 0.302533 0.0354393 0.0355495 0.0536025 4
0 0.466882 0.0917169 0.0343074 0.0606464 5
0 0.613928 0.184104 0.032875 0.0499274 6
0 0.745805 0.130541 0.0304033 0.0568761 7
0 0.302991 0.156585 0.0356968 0.0576633 8
0 0.7023 0.188818 0.0317266 0.0490207 9
0 0.615164 0.0491058 0.0323895 0.0478438 10
0 0.511627 0.17407 0.0319671 0.0534499 11
0 0.39912 0.155511 0.0350938 0.0581331 12
