0 0.395405 0.486253 0.0343151 0.0535324 1
0 0.656571 0.549394 0.0319227 0.057395 2
0 0.568408 0.545147 0.0324007 0.0580932 3
0 0.299626 0.483179 0.0360791 0.0584055 4
0 0.462289 0.539815 0.032754 0.0593605 5
0 0.607768 0.623305 0.0319405 0.0453267 6
0 0.739128 0.572977 0.0313229 0.0575575 7
0 0.298203 0.603093 0.0345107 0.0527387 8
0 0.695055 0.626889 0.0320398 0.0441935 9
0 0.610805 0.491707 0.0315989 0.0517365 10
0 0.505274 0.616721 0.0321197 0.0498566 11
0 0.393695 0.601327 0.0344517 0.0547226 12
