0 0.577404 0.842195 0.0306882 0.053864 14
0 0.362305 0.832524 0.0367966 0.0601039 15
0 0.266037 0.827881 0.0367251 0.0602927 16
0 0.53277 0.896151 0.0355031 0.0585816 17
0 0.619189 0.902353 0.03243 0.0559369 18
0 0.427553 0.889157 0.0344393 0.0605652 19
0 0.70058 0.926005 0.0310916 0.0518528 20
0 0.356675 0.947432 0.0398495 0.0470272 21
0 0.260541 0.948999 0.0392963 0.0442574 22
0 0.467684 0.962385 0.0393953 0.0405757 23
0 0.568525 0.970843 0.0406953 0.0385093 24
0 0.654858 0.974789 0.0385858 0.0377523 25
