0 0.398477 0.0408848 0.0345199 0.0514185 1
0 0.662419 0.105516 0.0328409 0.058961 2
0 0.573649 0.0993813 0.0329314 0.0590893 3
0 0.302792 0.0354083 0.0356822 0.0538711 4
0 0.466943 0.0917354 0.0344524 0.061091 5
0 0.613991 0.184112 0.0330644 0.0501502 6
0 0.746039 0.13059 0.0306019 0.0571284 7
0 0.303123 0.156549 0.035733 0.0576754 8
0 0.702464 0.188748 0.0317083 0.0488994 9
0 0.615324 0.0490293 0.0324331 0.0480919 10
0 0.511721 0.173999 0.031896 0.0534384 11
0 0.399278 0.155353 0.0352143 0.0584017 12
