0 0.398302 0.0409635 0.0343775 0.0513181 1
0 0.662256 0.105782 0.0326423 0.0587478 2
0 0.573455 0.0997592 0.0328669 0.0588052 3
0 0.302714 0.0355865 0.0355521 0.0536513 4
0 0.466912 0.0918716 0.0343812 0.0608447 5
0 0.61386 0.18432 0.032784 0.0498087 6
0 0.745705 0.130836 0.0305209 0.0571364 7
0 0.303063 0.156634 0.0356612 0.0573968 8
0 0.702202 0.189094 0.0317459 0.0489632 9
0 0.615181 0.0494642 0.0323279 0.0478304 10
0 0.511521 0.174208 0.0318727 0.053299 11
0 0.399163 0.155621 0.0352586 0.0581875 12
