0 0.571979 0.817487 0.030226 0.0533687 14
0 0.356863 0.799056 0.0346899 0.0591373 15
0 0.261376 0.791639 0.0354976 0.0601536 16
0 0.52681 0.869514 0.0333361 0.0583838 17
0 0.613886 0.878401 0.0315229 0.0568531 18
0 0.421536 0.858247 0.0326114 0.0610239 19
0 0.694031 0.905477 0.0299701 0.0532705 20
0 0.350593 0.913736 0.0356058 0.0466761 21
0 0.254699 0.911949 0.035839 0.0449168 22
0 0.461108 0.932685 0.034747 0.0404048 23
0 0.561299 0.944994 0.03428 0.035735 24
0 0.647161 0.952502 0.0340024 0.0353466 25
