0 0.397102 0.253547 0.0346702 0.0541101 1
0 0.65951 0.320839 0.0323869 0.0599304 2
0 0.571264 0.314444 0.0329578 0.059674 3
0 0.301585 0.248509 0.0366804 0.0562334 4
0 0.465392 0.306699 0.0329279 0.0599215 5
0 0.610813 0.396191 0.0321999 0.048336 6
0 0.743119 0.344603 0.0310118 0.0567852 7
0 0.300458 0.369663 0.0357175 0.0561944 8
0 0.698446 0.401004 0.0341841 0.046832 9
0 0.613973 0.263952 0.0327316 0.0499736 10
0 0.508648 0.387507 0.0318309 0.0517795 11
0 0.396784 0.369004 0.034813 0.0573426 12
