0 0.398391 0.0408875 0.0344831 0.0514531 1
0 0.662332 0.105645 0.0326901 0.0588333 2
0 0.573533 0.0995256 0.0327896 0.0587026 3
0 0.30266 0.0356127 0.0358338 0.0539366 4
0 0.466909 0.0918524 0.0342636 0.06089 5
0 0.613866 0.184147 0.0329622 0.0500832 6
0 0.745782 0.130619 0.0305429 0.0570334 7
0 0.303088 0.156622 0.0358021 0.057723 8
0 0.702291 0.188883 0.0317322 0.0490183 9
0 0.615337 0.0494465 0.0323893 0.047947 10
0 0.511606 0.1741 0.0317944 0.0534804 11
0 0.399211 0.155457 0.0352439 0.0582207 12
