0 0.398555 0.04103 0.0345058 0.0511861 1
0 0.66245 0.105677 0.0327688 0.0589841 2
0 0.573709 0.0996081 0.0327982 0.058888 3
0 0.302895 0.0356459 0.0357453 0.0538312 4
0 0.467021 0.091852 0.0344655 0.0611464 5
0 0.614 0.184258 0.0329158 0.04979 6
0 0.745926 0.130842 0.0306552 0.0573557 7
0 0.303292 0.156671 0.0356603 0.0574918 8
0 0.70246 0.188929 0.0317484 0.0490136 9
0 0.615418 0.0493045 0.032321 0.0479971 10
0 0.511777 0.174181 0.0317378 0.0533146 11
0 0.399362 0.155557 0.0351593 0.0579937 12
