0 0.398432 0.133305 0.0356161 0.0532492 1
0 0.661136 0.201352 0.0314761 0.0584629 2
0 0.572825 0.195066 0.0327364 0.0583474 3
0 0.302737 0.127793 0.0355225 0.0532658 4
0 0.466627 0.186431 0.0327911 0.0598555 5
0 0.612695 0.278609 0.0323421 0.0503539 6
0 0.745067 0.227262 0.0303442 0.0561268 7
0 0.30167 0.249014 0.0355537 0.0578917 8
0 0.700553 0.284147 0.0317643 0.0478086 9
0 0.615006 0.145807 0.0321249 0.0475398 10
0 0.510297 0.268296 0.0321418 0.0526988 11
0 0.39826 0.248989 0.0357088 0.0590332 12
