0 0.398324 0.0408175 0.0346251 0.0512771 1
0 0.662232 0.105625 0.0325343 0.0585465 2
0 0.573395 0.099758 0.0327001 0.0582082 3
0 0.302664 0.0354782 0.0355892 0.0537499 4
0 0.466939 0.0916992 0.0342537 0.0606242 5
0 0.613872 0.184126 0.032836 0.0498123 6
0 0.745836 0.130831 0.0307202 0.0573785 7
0 0.303063 0.156623 0.0355961 0.0573918 8
0 0.702282 0.188948 0.0316075 0.0487857 9
0 0.615308 0.0492484 0.0319965 0.0473657 10
0 0.511535 0.174074 0.0316304 0.0531456 11
0 0.399211 0.155379 0.0350958 0.0577673 12
