0 0.398552 0.041022 0.034473 0.0514009 1
0 0.662512 0.105684 0.0326773 0.0587385 2
0 0.573743 0.0997351 0.0327415 0.058627 3
0 0.302858 0.0355912 0.0357372 0.0541671 4
0 0.467006 0.0919557 0.0345394 0.0612584 5
0 0.614091 0.184302 0.0328259 0.0497289 6
0 0.746059 0.130693 0.0306504 0.0569951 7
0 0.303305 0.156804 0.0356968 0.0577097 8
0 0.702647 0.188923 0.0318402 0.0491176 9
0 0.615514 0.0493548 0.0321893 0.0476869 10
0 0.511854 0.174166 0.0317101 0.0532534 11
0 0.399366 0.15556 0.0350035 0.0579676 12
