0 0.398268 0.0408952 0.0344554 0.0514756 1
0 0.662219 0.105685 0.0326393 0.0587192 2
0 0.573437 0.0996206 0.0329317 0.0590466 3
0 0.302653 0.0353614 0.0357584 0.0538902 4
0 0.466901 0.0918727 0.0342988 0.0607276 5
0 0.61382 0.184197 0.0328555 0.049898 6
0 0.745676 0.130681 0.0304053 0.0571925 7
0 0.302992 0.156603 0.0357125 0.0575838 8
0 0.702202 0.188864 0.0317669 0.0490292 9
0 0.615166 0.0493367 0.032287 0.0477084 10
0 0.511447 0.174112 0.0317767 0.0533697 11
0 0.399157 0.155465 0.0352923 0.0581978 12
