0 0.398621 0.0415223 0.0344566 0.0512371 1
0 0.662646 0.106275 0.0328669 0.0590463 2
0 0.573741 0.100359 0.0327709 0.058573 3
0 0.302821 0.0362761 0.0357918 0.0541105 4
0 0.467164 0.0925802 0.0345807 0.0614396 5
0 0.614162 0.184927 0.0330244 0.0500746 6
0 0.746062 0.131441 0.030737 0.0570535 7
0 0.303412 0.157283 0.0354499 0.0571998 8
0 0.702556 0.189756 0.0319149 0.0492064 9
0 0.615523 0.0501835 0.0323979 0.0479487 10
0 0.511795 0.175131 0.0317481 0.0534663 11
0 0.399525 0.156336 0.0350099 0.0579125 12
