0 0.398668 0.0407661 0.0345734 0.0511955 1
0 0.662779 0.105473 0.0328081 0.0587423 2
0 0.573963 0.0993005 0.0325726 0.0585511 3
0 0.302953 0.035399 0.0355772 0.0536919 4
0 0.467077 0.091716 0.0344741 0.0612467 5
0 0.614209 0.184105 0.0329131 0.049682 6
0 0.746134 0.130436 0.0304594 0.056791 7
0 0.30345 0.156469 0.0355509 0.0574138 8
0 0.702749 0.188592 0.0316218 0.0487983 9
0 0.615648 0.048988 0.0321405 0.0475841 10
0 0.511991 0.173854 0.0317013 0.0533472 11
0 0.399602 0.155147 0.0350309 0.0580405 12
