0 0.398385 0.0409341 0.0343698 0.0512749 1
0 0.662239 0.105689 0.0326491 0.0587334 2
0 0.573452 0.0998043 0.0327325 0.0585561 3
0 0.302648 0.0356984 0.0355989 0.0536864 4
0 0.466952 0.0917733 0.0344068 0.0608811 5
0 0.613868 0.184266 0.0328215 0.0498453 6
0 0.745733 0.130812 0.0305167 0.0571064 7
0 0.30309 0.156625 0.0357121 0.0574326 8
0 0.702196 0.18903 0.0318593 0.0491768 9
0 0.615209 0.0495381 0.0322857 0.0477921 10
0 0.511557 0.174088 0.0319321 0.0533886 11
0 0.399192 0.155703 0.0350803 0.0578491 12
