0 0.398338 0.0408946 0.0345027 0.0514832 1
0 0.662323 0.105589 0.0326283 0.0586977 2
0 0.573446 0.0996193 0.0328861 0.0588983 3
0 0.302757 0.0353706 0.0357112 0.0537184 4
0 0.466886 0.0918612 0.0343312 0.061021 5
0 0.613883 0.184105 0.0328472 0.0499284 6
0 0.745767 0.130726 0.0305512 0.057033 7
0 0.303076 0.156652 0.0356797 0.0575142 8
0 0.702284 0.188958 0.0316876 0.0489435 9
0 0.615262 0.0493754 0.0322404 0.0476844 10
0 0.511551 0.174056 0.031835 0.0535398 11
0 0.399217 0.155356 0.0352226 0.0581623 12
