0 0.398547 0.0409768 0.0345705 0.051478 1
0 0.662622 0.105627 0.0327546 0.0587522 2
0 0.573859 0.0996882 0.032688 0.0587578 3
0 0.302908 0.0356225 0.0355358 0.0535304 4
0 0.467043 0.0918135 0.0343802 0.0611276 5
0 0.614129 0.184241 0.0329287 0.0498627 6
0 0.746075 0.130787 0.0306485 0.0571729 7
0 0.303311 0.156697 0.0355453 0.0573478 8
0 0.702672 0.188924 0.0317264 0.049022 9
0 0.615446 0.0491046 0.0322763 0.0478615 10
0 0.511929 0.174187 0.0317807 0.0533675 11
0 0.399518 0.155537 0.0351152 0.0579448 12
