0 0.398444 0.0409407 0.0343643 0.0512931 1
0 0.662432 0.105632 0.0326695 0.0586207 2
0 0.573771 0.099525 0.0327719 0.0583806 3
0 0.302851 0.0355496 0.035588 0.0538913 4
0 0.467062 0.0918987 0.0344968 0.0609895 5
0 0.614079 0.184161 0.0328759 0.049778 6
0 0.745916 0.130569 0.0303734 0.0566341 7
0 0.303257 0.156717 0.0356277 0.0575815 8
0 0.702475 0.188872 0.031721 0.0488917 9
0 0.615318 0.0492178 0.0322044 0.0476247 10
0 0.51178 0.174253 0.0318503 0.0533943 11
0 0.399327 0.155529 0.0350787 0.0581777 12
