0 0.398367 0.0409106 0.0343699 0.0512525 1
0 0.662353 0.105692 0.03274 0.0587537 2
0 0.573602 0.0995325 0.032901 0.0585971 3
0 0.302763 0.035611 0.0356498 0.0537222 4
0 0.466927 0.0917516 0.0345897 0.0610851 5
0 0.613957 0.184143 0.0328911 0.0499547 6
0 0.745862 0.130724 0.0304813 0.0570142 7
0 0.30308 0.156619 0.0356745 0.0575763 8
0 0.702334 0.188881 0.0317289 0.0489767 9
0 0.615261 0.0491854 0.0323822 0.0478529 10
0 0.511663 0.174182 0.0317997 0.0532857 11
0 0.399283 0.155445 0.0350958 0.0581326 12
