0 0.398308 0.0410821 0.0344359 0.051432 1
0 0.662252 0.105799 0.0327357 0.0589118 2
0 0.573426 0.0997575 0.0328837 0.0588005 3
0 0.302697 0.0355525 0.0356246 0.0537958 4
0 0.466862 0.0917533 0.0343713 0.0608457 5
0 0.613861 0.184318 0.0328983 0.0500093 6
0 0.745667 0.130908 0.0305795 0.0572618 7
0 0.303044 0.156605 0.0357261 0.0575293 8
0 0.702183 0.189128 0.0317518 0.0489859 9
0 0.615196 0.049464 0.0322968 0.0477448 10
0 0.511517 0.174125 0.0318871 0.0533386 11
0 0.399188 0.155646 0.0352092 0.0580851 12
