0 0.398267 0.0408811 0.0344802 0.0514998 1
0 0.662203 0.105706 0.0326422 0.05877 2
0 0.57342 0.0996003 0.0329266 0.0590696 3
0 0.302642 0.0354039 0.0357202 0.0538572 4
0 0.466875 0.0919087 0.0342736 0.0607703 5
0 0.613804 0.184195 0.0328514 0.0499171 6
0 0.745687 0.130589 0.0304733 0.0573056 7
0 0.303039 0.156554 0.0357326 0.0576628 8
0 0.702178 0.18889 0.0317782 0.049061 9
0 0.615208 0.049349 0.0323204 0.0477642 10
0 0.511481 0.174102 0.0318305 0.0534379 11
0 0.399143 0.155473 0.0352943 0.0582031 12
