0 0.398637 0.0408886 0.034475 0.0512414 1
0 0.662672 0.105479 0.0329643 0.0590113 2
0 0.573904 0.0996616 0.0328019 0.0589216 3
0 0.30288 0.0355367 0.0357322 0.0537206 4
0 0.467024 0.0916612 0.0342652 0.0611021 5
0 0.614167 0.184166 0.0330012 0.0498649 6
0 0.7462 0.130507 0.0308587 0.0572405 7
0 0.303393 0.156504 0.0354713 0.0573923 8
0 0.702791 0.188531 0.0315268 0.0487245 9
0 0.615538 0.0489431 0.0321557 0.0476338 10
0 0.512016 0.173985 0.0315652 0.0533195 11
0 0.399553 0.15527 0.0349976 0.0579951 12
