0 0.398514 0.145629 0.0347582 0.0518958 1
0 0.660942 0.21351 0.0320875 0.0595207 2
0 0.57282 0.206855 0.0330256 0.0588197 3
0 0.302718 0.139427 0.0358814 0.0538948 4
0 0.466626 0.199076 0.0328229 0.0600165 5
0 0.612408 0.290483 0.0322242 0.0499168 6
0 0.744754 0.23906 0.0306025 0.0567199 7
0 0.301717 0.261066 0.035216 0.0570455 8
0 0.700455 0.295715 0.0321037 0.0477223 9
0 0.614948 0.15702 0.0320538 0.047337 10
0 0.510154 0.280073 0.0322702 0.0528973 11
0 0.398054 0.261232 0.0354565 0.0587656 12
