0 0.303095 0.156647 0.0358978 0.0573451 1
0 0.466721 0.0922808 0.0355471 0.0631561 2
0 0.512087 0.17269 0.033532 0.0535035 3
0 0.613503 0.184628 0.0327953 0.0520798 4
0 0.662263 0.106231 0.0324647 0.0604659 5
0 0.399565 0.156354 0.0353614 0.0575118 6
0 0.573446 0.0997717 0.0324816 0.0568635 7
0 0.744929 0.130719 0.0316908 0.0567462 8
0 0.701493 0.189728 0.0326428 0.0493104 9
0 0.398089 0.0406439 0.0341881 0.0525327 10
0 0.301958 0.0358351 0.035895 0.0553834 11
0 0.615311 0.050809 0.0333237 0.0509348 12
