0 0.302951 0.156385 0.0368211 0.0570216 1
0 0.467208 0.0918425 0.0346053 0.0613116 2
0 0.511759 0.173651 0.0326172 0.0515107 3
0 0.61385 0.18456 0.0332553 0.0522702 4
0 0.662184 0.106422 0.0321022 0.059259 5
0 0.3997 0.154618 0.0359793 0.0585352 6
0 0.573868 0.100329 0.032109 0.0567535 7
0 0.744708 0.131293 0.0319603 0.0554593 8
0 0.701981 0.189354 0.0328948 0.049884 9
0 0.398452 0.0394344 0.0357666 0.0527988 10
0 0.302315 0.037875 0.0376676 0.0571306 11
0 0.614842 0.0503938 0.0324417 0.0488483 12
