0 0.303712 0.156587 0.0368767 0.0578463 1
0 0.467509 0.0926184 0.0354638 0.0637409 2
0 0.512017 0.174511 0.0329336 0.0534178 3
0 0.613824 0.184896 0.0330797 0.052182 4
0 0.662168 0.106437 0.0327352 0.0607039 5
0 0.400041 0.155569 0.0365056 0.0597581 6
0 0.573469 0.0997556 0.0332506 0.0585869 7
0 0.745126 0.130944 0.0317577 0.0576463 8
0 0.702307 0.189732 0.0338111 0.0506688 9
0 0.399128 0.0410694 0.0366012 0.0550416 10
0 0.302587 0.0353003 0.037452 0.0570502 11
0 0.615194 0.0496696 0.0338378 0.0505745 12
