0 0.303523 0.155501 0.0373622 0.0571433 1
0 0.467222 0.091562 0.0350382 0.0626849 2
0 0.511656 0.173901 0.0327902 0.0519344 3
0 0.613943 0.18482 0.0333643 0.0522483 4
0 0.66317 0.105521 0.031757 0.0588822 5
0 0.399885 0.156368 0.0362671 0.0591478 6
0 0.573703 0.0993425 0.0327678 0.0586355 7
0 0.745313 0.131535 0.0312954 0.0555942 8
0 0.702593 0.189951 0.0327377 0.0497313 9
0 0.39847 0.0409156 0.0364091 0.0538684 10
0 0.302376 0.0360915 0.0369363 0.0554381 11
0 0.61575 0.0499033 0.0330898 0.0496919 12
