0 0.30354 0.155498 0.035902 0.0560237 1
0 0.466724 0.0915089 0.0354692 0.0626338 2
0 0.511821 0.173577 0.0339289 0.0543392 3
0 0.613664 0.184745 0.0334313 0.0528299 4
0 0.662202 0.105897 0.031171 0.057482 5
0 0.400028 0.15567 0.0361893 0.0586388 6
0 0.573643 0.0991721 0.0326384 0.057194 7
0 0.745242 0.129805 0.0316523 0.05511 8
0 0.701968 0.189948 0.0335662 0.051132 9
0 0.398491 0.0401038 0.0353944 0.0539307 10
0 0.302133 0.0365203 0.0369894 0.0563874 11
0 0.614339 0.0488647 0.0319592 0.0489964 12
