0 0.303349 0.156105 0.0362435 0.0566285 1
0 0.466881 0.0905054 0.0371997 0.0662176 2
0 0.51294 0.173613 0.0334294 0.0529151 3
0 0.613679 0.185177 0.0326294 0.0514433 4
0 0.662483 0.106165 0.0322168 0.0596703 5
0 0.399801 0.156136 0.0352481 0.0569457 6
0 0.573348 0.100935 0.03267 0.058873 7
0 0.745222 0.129907 0.0311736 0.0542475 8
0 0.70163 0.188275 0.0324649 0.0491256 9
0 0.399245 0.0409948 0.0361642 0.0542425 10
0 0.301269 0.0362324 0.0354836 0.0534913 11
0 0.615682 0.0500691 0.0321853 0.0494819 12
0 0.701109 0.0636704 0.0285177 0.0429286 399
