0 0.303598 0.156874 0.0377091 0.0593034 1
0 0.467279 0.0918656 0.0355587 0.0641414 2
0 0.511954 0.174386 0.0331464 0.05336 3
0 0.613869 0.184263 0.0330527 0.0520781 4
0 0.662332 0.105667 0.0320148 0.0591476 5
0 0.399405 0.155763 0.0366104 0.0594003 6
0 0.573468 0.100405 0.0325737 0.057172 7
0 0.745251 0.130398 0.0316762 0.0550417 8
0 0.7026 0.190194 0.0328273 0.0500535 9
0 0.398548 0.0399943 0.0348276 0.0516616 10
0 0.302164 0.0362373 0.0360909 0.0562748 11
0 0.615356 0.0499977 0.032128 0.0491381 12
