0 0.303239 0.156916 0.0369026 0.0584586 1
0 0.466979 0.0918292 0.034944 0.0616572 2
0 0.511942 0.173402 0.0333797 0.0535177 3
0 0.613704 0.184415 0.0328732 0.0517529 4
0 0.661964 0.106496 0.0321372 0.0595055 5
0 0.399626 0.156009 0.0358343 0.0582538 6
0 0.573415 0.0987666 0.0324948 0.0575946 7
0 0.74546 0.131453 0.0316304 0.0565442 8
0 0.702058 0.190184 0.0324446 0.0484403 9
0 0.398176 0.0405909 0.0359803 0.0553452 10
0 0.302739 0.0367294 0.036995 0.057169 11
0 0.61447 0.0504192 0.0322943 0.0484551 12
0 0.351525 0.0997282 0.0266687 0.0501647 592
