0 0.303323 0.156305 0.0366142 0.0567487 1
0 0.467059 0.0923744 0.0349906 0.0617629 2
0 0.512363 0.173546 0.0336886 0.0543388 3
0 0.614041 0.184487 0.0333151 0.0519649 4
0 0.662692 0.10675 0.0320306 0.0594741 5
0 0.399716 0.155778 0.034897 0.0569902 6
0 0.573573 0.100057 0.0324947 0.0576204 7
0 0.745456 0.131247 0.0318366 0.0573109 8
0 0.702177 0.190245 0.0325707 0.0500496 9
0 0.398504 0.0399345 0.0360505 0.0541728 10
0 0.301741 0.0370034 0.0377438 0.0579839 11
0 0.614687 0.0498327 0.0337559 0.0513212 12
