0 0.303193 0.157473 0.0357731 0.0571651 1
0 0.466734 0.0914116 0.0347888 0.0617616 2
0 0.512249 0.173328 0.0334748 0.0539193 3
0 0.613499 0.18466 0.03305 0.0525532 4
0 0.66208 0.107202 0.0321217 0.0599117 5
0 0.399909 0.156338 0.0350382 0.056641 6
0 0.573332 0.0996454 0.0320838 0.0564466 7
0 0.745704 0.131311 0.0311435 0.0558652 8
0 0.701745 0.190195 0.0330546 0.0500145 9
0 0.398366 0.0406321 0.0351822 0.0535114 10
0 0.302371 0.0361775 0.0363116 0.0563271 11
0 0.614961 0.0507413 0.0330569 0.0502131 12
