0 0.303428 0.156795 0.0355678 0.0568372 1
0 0.467488 0.0919792 0.0348505 0.061226 2
0 0.511973 0.173306 0.0331391 0.0534093 3
0 0.613852 0.184174 0.0325423 0.0516517 4
0 0.662566 0.10664 0.0320679 0.059775 5
0 0.399939 0.1559 0.035743 0.057785 6
0 0.573408 0.0992867 0.0321954 0.0574968 7
0 0.745826 0.131658 0.0321833 0.0579792 8
0 0.702065 0.190152 0.0325365 0.05013 9
0 0.398374 0.0402414 0.0356899 0.0543739 10
0 0.302575 0.0367266 0.0361047 0.0570372 11
0 0.615157 0.0501778 0.03195 0.0488127 12
0 0.351167 0.0973983 0.0322044 0.0591244 592
