0 0.560413 0.825373 0.0330048 0.0567631 1095
0 0.347792 0.795749 0.0363624 0.0603789 1096
0 0.251467 0.782411 0.038869 0.0635856 1097
0 0.515521 0.874861 0.0343068 0.0598603 1099
0 0.410796 0.858957 0.0334919 0.0599622 1100
0 0.601373 0.889897 0.0325809 0.0587125 1101
0 0.680139 0.919207 0.0307961 0.0527891 1103
0 0.339024 0.909817 0.0341347 0.0471516 1116
0 0.242329 0.901553 0.0365592 0.0493952 1117
0 0.448043 0.934485 0.0334856 0.0397793 1120
0 0.548159 0.950398 0.0332405 0.036551 1122
0 0.633948 0.962215 0.0322594 0.0340982 1124
