0 0.303452 0.156929 0.0355022 0.0568055 1
0 0.466887 0.0924397 0.035026 0.0623231 2
0 0.511615 0.173979 0.0326735 0.0524482 3
0 0.613712 0.184625 0.0329682 0.0519818 4
0 0.66181 0.106543 0.0318232 0.060164 5
0 0.400068 0.155513 0.0351733 0.057169 6
0 0.573817 0.0993937 0.0327932 0.0579591 7
0 0.745206 0.131377 0.0316975 0.0566086 8
0 0.702178 0.190136 0.0327389 0.0495606 9
0 0.398109 0.0411286 0.0355049 0.0540123 10
0 0.301681 0.0360739 0.036418 0.0569298 11
0 0.614581 0.049903 0.0317366 0.0484578 12
