0 0.557889 0.839931 0.0317276 0.055014 1095
0 0.345225 0.807923 0.0360485 0.0593463 1096
0 0.24898 0.793375 0.0384279 0.06369 1097
0 0.512054 0.887216 0.0339812 0.0599306 1099
0 0.408288 0.871291 0.0351432 0.0624673 1100
0 0.598176 0.90463 0.0318954 0.0566464 1101
0 0.67685 0.936689 0.0303301 0.0516152 1103
0 0.335343 0.920454 0.0349883 0.0483594 1116
0 0.238824 0.911088 0.0366266 0.0490434 1117
0 0.445743 0.947584 0.0353234 0.0409225 1120
0 0.544446 0.966096 0.0353103 0.0378233 1122
0 0.630011 0.976237 0.0336071 0.0354886 1124
