0 0.30327 0.155749 0.037232 0.0579927 1
0 0.467121 0.0919526 0.0348975 0.0612134 2
0 0.511926 0.174008 0.0330976 0.0535727 3
0 0.613931 0.184813 0.0336416 0.0527996 4
0 0.662364 0.106087 0.0316447 0.0584113 5
0 0.399986 0.15529 0.0357654 0.0585367 6
0 0.573732 0.100289 0.0315135 0.0554734 7
0 0.74533 0.131415 0.0310243 0.0560127 8
0 0.702011 0.1897 0.0327411 0.0502183 9
0 0.398355 0.0400543 0.0361044 0.054573 10
0 0.302811 0.0361285 0.0370851 0.0571404 11
0 0.615618 0.0502439 0.0325322 0.049432 12
