0 0.303321 0.156813 0.0357361 0.0551246 1
0 0.467275 0.0907765 0.0360632 0.0649215 2
0 0.512639 0.172883 0.033061 0.0519492 3
0 0.614333 0.183997 0.0314787 0.0492287 4
0 0.66247 0.105406 0.0322108 0.0599017 5
0 0.400025 0.155559 0.0357024 0.0591117 6
0 0.574005 0.0995748 0.0316815 0.05577 7
0 0.745867 0.130712 0.0315259 0.055101 8
0 0.702437 0.188569 0.0333107 0.0482939 9
0 0.399015 0.0400425 0.0354328 0.0531196 10
0 0.302849 0.0351493 0.036279 0.055204 11
0 0.616062 0.0491357 0.0324308 0.0497544 12
