0 0.295051 0.837401 0.0353709 0.0521772 1
0 0.459652 0.768564 0.0343548 0.0610457 2
0 0.502761 0.843415 0.0335932 0.0489596 3
0 0.604686 0.847074 0.032299 0.0449955 4
0 0.653458 0.773626 0.0342494 0.0625678 5
0 0.390739 0.833209 0.0347366 0.0536093 6
0 0.565297 0.770148 0.0333899 0.0603629 7
0 0.737025 0.793817 0.031456 0.0557553 8
0 0.691807 0.848009 0.031563 0.0433348 9
0 0.392794 0.716498 0.0365193 0.0582321 10
0 0.297615 0.715982 0.0376785 0.0602483 11
0 0.607712 0.7172 0.0338669 0.0562609 12
