0 0.559666 0.830431 0.0323383 0.0555832 1095
0 0.347106 0.799362 0.0368363 0.0609223 1096
0 0.250902 0.785989 0.0384314 0.0631812 1097
0 0.514038 0.879445 0.0331371 0.0580956 1099
0 0.409869 0.862413 0.03387 0.0601464 1100
0 0.600654 0.894128 0.0319247 0.0574163 1101
0 0.679195 0.926214 0.0311313 0.0532835 1103
0 0.337318 0.913405 0.0367119 0.0510293 1116
0 0.240382 0.904977 0.0361784 0.0488895 1117
0 0.447116 0.937729 0.0332544 0.0389374 1120
0 0.547008 0.95427 0.0338298 0.0366593 1122
0 0.631517 0.967872 0.0348124 0.0368629 1124
