0 0.303175 0.156777 0.0361247 0.0558368 1
0 0.467029 0.0919031 0.0353716 0.0628909 2
0 0.512126 0.17359 0.0331382 0.0529633 3
0 0.614532 0.185044 0.0327023 0.0512332 4
0 0.662566 0.106279 0.032121 0.0596601 5
0 0.399784 0.155834 0.0361082 0.0590998 6
0 0.573444 0.100046 0.032816 0.0587475 7
0 0.745333 0.132364 0.0317965 0.0576997 8
0 0.70184 0.188565 0.0335539 0.0506876 9
0 0.398387 0.0388292 0.0350366 0.0521554 10
0 0.302528 0.036908 0.0363966 0.0555236 11
0 0.615898 0.0508885 0.0322286 0.0483464 12
