0 0.303912 0.156008 0.0361106 0.0573991 1
0 0.467146 0.0910631 0.0361053 0.0645892 2
0 0.511374 0.174322 0.0331225 0.0529317 3
0 0.613318 0.184688 0.0332889 0.0525793 4
0 0.662043 0.106572 0.0315455 0.0591092 5
0 0.399665 0.155301 0.0363447 0.0590961 6
0 0.5738 0.0992963 0.0333019 0.0589226 7
0 0.745099 0.130155 0.0315513 0.0563089 8
0 0.702574 0.190064 0.0330302 0.050096 9
0 0.398294 0.0404787 0.0355672 0.0538124 10
0 0.302192 0.0357208 0.0354627 0.0552955 11
0 0.615041 0.0485029 0.0332226 0.0504751 12
