0 0.303515 0.156161 0.037737 0.0596413 1
0 0.46716 0.0915076 0.0354331 0.062893 2
0 0.511518 0.174035 0.0324184 0.052161 3
0 0.61339 0.185457 0.0336549 0.052765 4
0 0.662352 0.106322 0.0319051 0.0587166 5
0 0.399446 0.155189 0.0364103 0.0589686 6
0 0.573525 0.100198 0.0324104 0.0572543 7
0 0.745088 0.130399 0.0315932 0.0547555 8
0 0.70239 0.189743 0.0322132 0.0494604 9
0 0.397164 0.0399831 0.0346158 0.0534139 10
0 0.302101 0.0374423 0.0366054 0.0556188 11
0 0.614929 0.0498041 0.033838 0.0509908 12
