0 0.303494 0.156748 0.0357222 0.0549674 1
0 0.46683 0.090329 0.0372381 0.0668785 2
0 0.512278 0.173738 0.0326006 0.0521101 3
0 0.614685 0.184934 0.0326067 0.0508163 4
0 0.662391 0.105653 0.0327901 0.061144 5
0 0.399882 0.157196 0.0358304 0.0586692 6
0 0.573184 0.101052 0.0326034 0.0580924 7
0 0.745407 0.131546 0.0319152 0.0580675 8
0 0.70169 0.189011 0.033272 0.0504917 9
0 0.398548 0.0389265 0.0351153 0.0523596 10
0 0.302223 0.0361294 0.0361345 0.0550472 11
0 0.616301 0.0511693 0.03201 0.0483253 12
