0 0.302932 0.157112 0.0360258 0.0573345 1
0 0.466813 0.0918478 0.0347572 0.0617139 2
0 0.51208 0.173763 0.0334093 0.0537201 3
0 0.613493 0.184664 0.032432 0.051206 4
0 0.661912 0.106581 0.0318405 0.0590734 5
0 0.399894 0.156585 0.0353565 0.0572988 6
0 0.573325 0.0998909 0.0318438 0.0561193 7
0 0.744933 0.13203 0.0314028 0.0561951 8
0 0.701544 0.190202 0.0330992 0.0501692 9
0 0.398297 0.0415898 0.0358019 0.0543747 10
0 0.301246 0.0364736 0.0345224 0.0536837 11
0 0.615061 0.0508813 0.032547 0.0489779 12
