0 0.303588 0.156246 0.0374241 0.0586968 1
0 0.467188 0.0927676 0.0342999 0.0625166 2
0 0.511881 0.173879 0.03258 0.0527483 3
0 0.613828 0.184526 0.0336045 0.0534174 4
0 0.662883 0.106694 0.0318415 0.0597655 5
0 0.400009 0.1554 0.0355078 0.0578714 6
0 0.574031 0.099402 0.0334881 0.059606 7
0 0.745908 0.130602 0.0321159 0.0554853 8
0 0.70224 0.189374 0.032903 0.0487129 9
0 0.399476 0.0410928 0.0362355 0.0549374 10
0 0.302407 0.0365163 0.0374168 0.0580658 11
0 0.615115 0.0486018 0.0318139 0.0499467 12
