0 0.302845 0.157523 0.0359953 0.0563482 1
0 0.467275 0.092838 0.0353836 0.0628692 2
0 0.512776 0.173629 0.0333816 0.0536456 3
0 0.613947 0.184747 0.0321243 0.051187 4
0 0.662306 0.106872 0.0318153 0.0594538 5
0 0.399869 0.156207 0.0361796 0.0579096 6
0 0.573724 0.0997432 0.0323855 0.0568969 7
0 0.746383 0.130204 0.0328071 0.0570314 8
0 0.701893 0.18969 0.032373 0.0491375 9
0 0.398492 0.0397414 0.0352484 0.0533946 10
0 0.302331 0.0362512 0.0350996 0.0543007 11
0 0.615371 0.0497388 0.0330081 0.0495142 12
