0 0.303321 0.156539 0.0355396 0.0557263 1
0 0.467284 0.0924573 0.0354456 0.0628435 2
0 0.513134 0.172782 0.0330088 0.0526081 3
0 0.614269 0.18477 0.0319753 0.0507247 4
0 0.662384 0.107321 0.0318693 0.0596133 5
0 0.399775 0.15626 0.0362448 0.0581751 6
0 0.573692 0.100226 0.0320692 0.056103 7
0 0.745874 0.131423 0.0325106 0.0556944 8
0 0.701719 0.189968 0.0331059 0.0501619 9
0 0.398349 0.0397568 0.0347326 0.0521717 10
0 0.30203 0.0361968 0.0356751 0.0551006 11
0 0.615721 0.0502738 0.0323108 0.0485041 12
