0 0.303583 0.166704 0.0360872 0.0572084 1
0 0.467181 0.102797 0.0342522 0.0615675 2
0 0.511853 0.184392 0.0330363 0.0532669 3
0 0.613653 0.19476 0.0334979 0.0526752 4
0 0.662572 0.116782 0.0320056 0.0601863 5
0 0.399678 0.165102 0.0346925 0.0562463 6
0 0.574372 0.109885 0.0326799 0.0586328 7
0 0.746014 0.142118 0.0323443 0.0588736 8
0 0.702083 0.199234 0.0326205 0.0492536 9
0 0.398217 0.0507132 0.0338636 0.0528177 10
0 0.302498 0.0440435 0.0367859 0.0570513 11
0 0.616108 0.0595938 0.0323591 0.0493965 12
