0 0.303644 0.156806 0.0357889 0.0562728 1
0 0.467436 0.0919091 0.0350138 0.0635231 2
0 0.512823 0.173541 0.0329834 0.0528972 3
0 0.614031 0.184523 0.0323044 0.0507883 4
0 0.662657 0.105611 0.0319406 0.0595559 5
0 0.399756 0.156588 0.0346955 0.0564623 6
0 0.57395 0.100097 0.0330924 0.0585703 7
0 0.745485 0.130514 0.0324242 0.0568027 8
0 0.702306 0.188605 0.0313436 0.0480143 9
0 0.398876 0.0403525 0.0366062 0.0546029 10
0 0.302445 0.0362327 0.0357398 0.0554812 11
0 0.615431 0.0489736 0.0326886 0.0503132 12
