0 0.303199 0.157237 0.0358802 0.0561168 1
0 0.467497 0.0924044 0.0349386 0.0615113 2
0 0.512 0.173328 0.0328763 0.0531065 3
0 0.613902 0.184954 0.0330065 0.0516071 4
0 0.662119 0.105969 0.0319705 0.0588153 5
0 0.399615 0.156152 0.0358045 0.0580266 6
0 0.57297 0.100823 0.0331568 0.0591656 7
0 0.745371 0.131069 0.0317186 0.0550221 8
0 0.701532 0.189267 0.0327125 0.0501919 9
0 0.39869 0.0401682 0.0354204 0.0539919 10
0 0.302484 0.0374867 0.0372228 0.055889 11
0 0.615571 0.0496467 0.0336209 0.0512218 12
