0 0.303418 0.157269 0.035689 0.0570647 1
0 0.467513 0.0922642 0.0348998 0.0615325 2
0 0.511953 0.173312 0.0331859 0.0534459 3
0 0.613812 0.18402 0.0326759 0.0518739 4
0 0.662594 0.106646 0.0322132 0.0599302 5
0 0.399924 0.155663 0.0357657 0.0578424 6
0 0.573303 0.0994561 0.0321181 0.0573863 7
0 0.746044 0.13157 0.0323064 0.0578695 8
0 0.702015 0.190096 0.032965 0.0509306 9
0 0.39842 0.0400437 0.0356736 0.0543202 10
0 0.30261 0.0370446 0.0359121 0.0569828 11
0 0.614922 0.0500792 0.0322557 0.0494148 12
0 0.352322 0.0957358 0.032686 0.0589156 592
