0 0.303358 0.156678 0.0363582 0.0574844 1
0 0.466776 0.0917684 0.0354046 0.0633004 2
0 0.51201 0.173065 0.0321836 0.0519185 3
0 0.613737 0.184932 0.032571 0.0506919 4
0 0.662186 0.105418 0.0322626 0.0592281 5
0 0.400052 0.155143 0.0355494 0.058082 6
0 0.573191 0.100514 0.0316362 0.0558306 7
0 0.745888 0.131122 0.031707 0.055179 8
0 0.701666 0.18953 0.0329709 0.0512954 9
0 0.39832 0.0402879 0.0342237 0.0531269 10
0 0.302992 0.0364714 0.0366229 0.0555474 11
0 0.61569 0.0499339 0.0328705 0.0494426 12
