0 0.303019 0.157457 0.0356439 0.0559694 1
0 0.467781 0.0925518 0.0357513 0.0636487 2
0 0.513207 0.173293 0.0331556 0.0530864 3
0 0.614117 0.184778 0.0322389 0.0513445 4
0 0.662499 0.106373 0.0322374 0.0603432 5
0 0.399948 0.156608 0.0361227 0.0576823 6
0 0.573545 0.100373 0.0324255 0.0569826 7
0 0.745862 0.130457 0.0324382 0.0559317 8
0 0.701634 0.189973 0.032991 0.0499936 9
0 0.398358 0.0399216 0.0346617 0.0522683 10
0 0.302051 0.0360584 0.0350749 0.0541035 11
0 0.615727 0.0498908 0.0326207 0.04882 12
