0 0.303277 0.156913 0.0364739 0.0569337 1
0 0.467296 0.0912608 0.0358177 0.0638621 2
0 0.512258 0.173326 0.0325663 0.052445 3
0 0.613893 0.184543 0.0322314 0.0503912 4
0 0.662204 0.105858 0.0324491 0.06015 5
0 0.399941 0.155884 0.0346018 0.056158 6
0 0.574006 0.0985646 0.0331953 0.0593015 7
0 0.745288 0.131804 0.0322238 0.0566525 8
0 0.701805 0.190571 0.0324508 0.0504162 9
0 0.398699 0.0416874 0.0354872 0.0553798 10
0 0.302102 0.036155 0.0354864 0.0541724 11
0 0.615254 0.049769 0.0333556 0.0510197 12
