0 0.303291 0.156835 0.036901 0.0580998 1
0 0.46761 0.0926306 0.0349344 0.0621282 2
0 0.512233 0.173602 0.0331319 0.0531896 3
0 0.613751 0.1846 0.0330338 0.0526725 4
0 0.662245 0.106408 0.0318851 0.0596187 5
0 0.399579 0.155041 0.0363331 0.0582548 6
0 0.573284 0.100147 0.032156 0.0561945 7
0 0.745427 0.130685 0.0322473 0.0557287 8
0 0.702591 0.190377 0.0333412 0.0504249 9
0 0.398786 0.0398618 0.0350028 0.0525477 10
0 0.301634 0.0373393 0.035925 0.0555851 11
0 0.615003 0.0491121 0.0322365 0.0484847 12
