0 0.303545 0.156727 0.0362608 0.0576678 1
0 0.46707 0.092316 0.0347887 0.0630163 2
0 0.512138 0.174077 0.0329815 0.0536457 3
0 0.613986 0.184515 0.0324456 0.0513192 4
0 0.662278 0.107035 0.0319514 0.0599571 5
0 0.400196 0.155312 0.0351159 0.0577798 6
0 0.573762 0.0999262 0.0326619 0.0581317 7
0 0.745467 0.131007 0.0318462 0.0576033 8
0 0.702225 0.189694 0.0322642 0.0478064 9
0 0.398218 0.04086 0.0360184 0.0545016 10
0 0.302541 0.0356729 0.0360408 0.0551582 11
0 0.615748 0.0496232 0.033814 0.0508674 12
