0 0.303581 0.156905 0.0362981 0.0574178 1
0 0.467062 0.0924508 0.0350223 0.0622362 2
0 0.511922 0.173489 0.0328624 0.0533106 3
0 0.613918 0.184259 0.0323675 0.0508835 4
0 0.662438 0.106016 0.0319316 0.0596601 5
0 0.399779 0.156138 0.0353545 0.0570843 6
0 0.573419 0.10029 0.0328001 0.0587471 7
0 0.745777 0.130786 0.0325341 0.0586025 8
0 0.702197 0.190088 0.0325728 0.0500807 9
0 0.398534 0.040091 0.0356864 0.0548492 10
0 0.302601 0.0370838 0.0365403 0.0581168 11
0 0.615099 0.0492634 0.0326795 0.0506896 12
0 0.356836 0.093313 0.0364682 0.0626018 592
