0 0.303559 0.156502 0.0361444 0.0567362 1
0 0.467188 0.0915237 0.0355089 0.0642668 2
0 0.513015 0.173073 0.0332856 0.0534948 3
0 0.614202 0.184488 0.032132 0.0503645 4
0 0.662781 0.10544 0.0323762 0.0603257 5
0 0.400013 0.156579 0.0356734 0.0582287 6
0 0.573904 0.100555 0.0324981 0.0572869 7
0 0.745573 0.130878 0.0315638 0.055291 8
0 0.70247 0.189105 0.0319213 0.0495416 9
0 0.398836 0.0396103 0.0356127 0.0529213 10
0 0.302083 0.0356427 0.0353159 0.0549839 11
0 0.615615 0.0489475 0.0331674 0.0510904 12
