0 0.303453 0.156642 0.0379743 0.0601577 1
0 0.466874 0.0920394 0.035031 0.0625763 2
0 0.51164 0.173743 0.0322148 0.0514506 3
0 0.613606 0.184926 0.0333989 0.0523092 4
0 0.662274 0.106263 0.0314963 0.0572028 5
0 0.400092 0.155497 0.0352967 0.0576796 6
0 0.573471 0.100812 0.0316283 0.0553055 7
0 0.745209 0.129967 0.0312924 0.0540615 8
0 0.701779 0.189891 0.032861 0.0511103 9
0 0.397851 0.0403578 0.0362757 0.0562352 10
0 0.302736 0.0360273 0.0369552 0.0561637 11
0 0.614769 0.0500082 0.0332201 0.0499281 12
