0 0.303171 0.1566 0.0360711 0.0555477 1
0 0.466854 0.0917149 0.035435 0.062624 2
0 0.51176 0.173327 0.0330733 0.0521397 3
0 0.613897 0.184903 0.0335198 0.0523307 4
0 0.662118 0.106121 0.0317963 0.0589692 5
0 0.399511 0.155743 0.0359447 0.0590618 6
0 0.573596 0.100258 0.0317147 0.0561253 7
0 0.746002 0.132391 0.0328735 0.0576061 8
0 0.701784 0.189218 0.0326509 0.0494545 9
0 0.398172 0.0399353 0.035295 0.0524336 10
0 0.301981 0.0356185 0.0356811 0.0539522 11
0 0.615234 0.0499677 0.0317983 0.0477582 12
0 0.54576 0.0571654 0.0292437 0.0429967 480
