0 0.303413 0.156766 0.0360385 0.0556493 1
0 0.467077 0.0922734 0.0353341 0.0628665 2
0 0.512123 0.173956 0.0326915 0.0523014 3
0 0.614526 0.185105 0.032954 0.051607 4
0 0.662609 0.105953 0.0319684 0.0593757 5
0 0.399825 0.156038 0.0363567 0.0596472 6
0 0.573634 0.100143 0.0328506 0.0585615 7
0 0.745176 0.132144 0.031936 0.0581264 8
0 0.701754 0.188838 0.0334999 0.0507164 9
0 0.398201 0.0388708 0.0347738 0.0517842 10
0 0.302814 0.0372767 0.0368799 0.0561672 11
0 0.616036 0.0509418 0.0323341 0.048665 12
