0 0.303259 0.156228 0.0365635 0.0569021 1
0 0.466763 0.0927373 0.0349727 0.0623847 2
0 0.512244 0.173505 0.0329109 0.0521413 3
0 0.614272 0.184464 0.0321342 0.0503962 4
0 0.661919 0.105954 0.0314353 0.0584601 5
0 0.399688 0.156098 0.0363656 0.0586193 6
0 0.573471 0.100836 0.0326477 0.0583903 7
0 0.745473 0.131254 0.0324408 0.056639 8
0 0.701861 0.189409 0.0323651 0.0488313 9
0 0.398561 0.0404119 0.0359753 0.0546775 10
0 0.302417 0.0355823 0.0370589 0.0553459 11
0 0.615234 0.0499266 0.0326032 0.049824 12
