0 0.303509 0.157078 0.035558 0.0552645 1
0 0.467101 0.0927751 0.0359655 0.0649542 2
0 0.512373 0.172999 0.0328783 0.05285 3
0 0.614445 0.184901 0.0323871 0.0504073 4
0 0.662688 0.106079 0.0319928 0.0584395 5
0 0.399897 0.156742 0.0357901 0.0584668 6
0 0.573589 0.0996833 0.0318904 0.0564719 7
0 0.746113 0.131145 0.0325288 0.0571651 8
0 0.702477 0.188138 0.0329858 0.0498092 9
0 0.398381 0.0403986 0.0353398 0.0527808 10
0 0.302955 0.035663 0.0367494 0.0558963 11
0 0.616633 0.0494076 0.0320549 0.0488124 12
