0 0.303561 0.156899 0.0351971 0.0539492 1
0 0.467199 0.0921797 0.0352946 0.0631186 2
0 0.51244 0.173668 0.0322867 0.0517363 3
0 0.614613 0.185448 0.0324037 0.0502621 4
0 0.662419 0.105863 0.031785 0.0597139 5
0 0.400223 0.156968 0.0358685 0.0583754 6
0 0.57345 0.100477 0.0325809 0.0583806 7
0 0.745859 0.131623 0.0332726 0.0587683 8
0 0.701851 0.188452 0.0329467 0.0497322 9
0 0.398756 0.0391565 0.0342853 0.0503677 10
0 0.302737 0.0360115 0.0365232 0.0558436 11
0 0.616174 0.0503446 0.0313857 0.0476656 12
