0 0.296613 0.709325 0.0365323 0.0549717 1
0 0.460897 0.643599 0.0364262 0.0639846 2
0 0.504308 0.719121 0.0332203 0.0501907 3
0 0.606225 0.72438 0.0328658 0.0474609 4
0 0.655551 0.651233 0.0333998 0.0609008 5
0 0.392737 0.706367 0.0358109 0.0559104 6
0 0.567232 0.647007 0.0325081 0.0584582 7
0 0.738186 0.673894 0.0306296 0.0557665 8
0 0.693347 0.727583 0.0321438 0.0452826 9
0 0.393798 0.590166 0.0359582 0.0557776 10
0 0.298405 0.589473 0.0371053 0.0580074 11
0 0.609697 0.594514 0.0327625 0.0541604 12
