0 0.29727 0.646403 0.037463 0.0566751 1
0 0.461603 0.581083 0.0338565 0.0594436 2
0 0.505467 0.658507 0.033811 0.0514615 3
0 0.606882 0.664326 0.033507 0.0484615 4
0 0.655737 0.590425 0.0333825 0.0602189 5
0 0.392786 0.645271 0.0355908 0.0555336 6
0 0.567666 0.585503 0.0329854 0.0595451 7
0 0.737943 0.612582 0.0313035 0.0567289 8
0 0.694651 0.668593 0.0332489 0.0470497 9
0 0.394604 0.528596 0.0362406 0.0560201 10
0 0.29876 0.526282 0.0376309 0.0583526 11
0 0.6104 0.533764 0.0328676 0.0543048 12
