0 0.303152 0.156935 0.0359085 0.0562161 1
0 0.466816 0.0924862 0.034835 0.0618884 2
0 0.512608 0.173194 0.0336149 0.0538277 3
0 0.614194 0.184143 0.0322472 0.051175 4
0 0.662308 0.106737 0.0314994 0.0588635 5
0 0.399857 0.15561 0.0362559 0.0583668 6
0 0.573667 0.0997437 0.0322907 0.056618 7
0 0.745508 0.131474 0.0323977 0.0561401 8
0 0.701858 0.190666 0.0335105 0.0514385 9
0 0.398386 0.0401501 0.0340432 0.0510401 10
0 0.301985 0.0362252 0.035522 0.055001 11
0 0.61538 0.0499971 0.0326247 0.0491446 12
