0 0.303325 0.156729 0.0362427 0.0573828 1
0 0.467441 0.092071 0.0350492 0.0624455 2
0 0.512174 0.173188 0.0327908 0.053175 3
0 0.614029 0.1846 0.032374 0.0508357 4
0 0.662232 0.105796 0.0320824 0.0601207 5
0 0.399752 0.156201 0.0354279 0.0572061 6
0 0.573229 0.100774 0.0321939 0.0575178 7
0 0.745704 0.130664 0.0321406 0.0578581 8
0 0.702142 0.190317 0.0325879 0.0500638 9
0 0.399152 0.0398837 0.0346782 0.052904 10
0 0.302727 0.0366679 0.0360582 0.0572522 11
0 0.615033 0.0491446 0.0335323 0.0522374 12
