0 0.30066 0.358493 0.0373776 0.0579293 1
0 0.465262 0.293638 0.033863 0.0610378 2
0 0.508888 0.375342 0.0329832 0.0508604 3
0 0.611152 0.385601 0.0332244 0.0504759 4
0 0.659427 0.308731 0.0327858 0.0595004 5
0 0.397152 0.357892 0.0356409 0.0571168 6
0 0.571436 0.302721 0.0328728 0.0592356 7
0 0.74276 0.333943 0.0312809 0.0569635 8
0 0.698544 0.391651 0.0346286 0.0495429 9
0 0.397601 0.240727 0.0358214 0.0562989 10
0 0.301747 0.236743 0.0372402 0.055092 11
0 0.613737 0.252817 0.032214 0.0502764 12
0 0.511103 0.241165 0.0310005 0.0503882 958
