0 0.303074 0.156379 0.0367873 0.0576404 1
0 0.467338 0.0907197 0.0363133 0.0644145 2
0 0.51193 0.174076 0.032937 0.0530362 3
0 0.613509 0.185268 0.0340448 0.0540328 4
0 0.66207 0.105565 0.0318048 0.0587091 5
0 0.399587 0.155097 0.0359005 0.0581195 6
0 0.573375 0.0995793 0.0326031 0.0587598 7
0 0.744846 0.130789 0.0311883 0.054825 8
0 0.701822 0.188973 0.0321953 0.0494659 9
0 0.398753 0.0400109 0.0355996 0.0541081 10
0 0.302099 0.0359237 0.0359314 0.0541081 11
0 0.615155 0.0503027 0.0321036 0.0495589 12
