0 0.30318 0.156836 0.0363628 0.0557301 1
0 0.466957 0.0919199 0.0353974 0.0624555 2
0 0.51197 0.173744 0.0328729 0.0521839 3
0 0.613936 0.185201 0.0330238 0.0516455 4
0 0.662297 0.105608 0.0322952 0.0595637 5
0 0.399799 0.155384 0.0361454 0.059192 6
0 0.573663 0.0996444 0.0329929 0.0589093 7
0 0.745507 0.132201 0.0323781 0.0584057 8
0 0.701836 0.189835 0.0333453 0.0500462 9
0 0.398258 0.0393385 0.0357321 0.0523691 10
0 0.302603 0.0366335 0.0369207 0.0560623 11
0 0.615663 0.0512639 0.0322194 0.0483024 12
