0 0.301878 0.310002 0.0357073 0.0552078 1
0 0.465854 0.248182 0.0339668 0.0609098 2
0 0.509454 0.327774 0.0331714 0.0524332 3
0 0.611771 0.339077 0.0332841 0.0505345 4
0 0.660394 0.262372 0.0323072 0.0589336 5
0 0.398097 0.30976 0.0357308 0.0574913 6
0 0.57179 0.255874 0.0325322 0.0589832 7
0 0.744142 0.286498 0.0304626 0.055769 8
0 0.699726 0.344958 0.0341171 0.0490659 9
0 0.397076 0.192982 0.0375381 0.0578934 10
0 0.302162 0.189206 0.0373292 0.0552343 11
0 0.614051 0.205701 0.0344444 0.0522975 12
