0 0.297723 0.637251 0.0361187 0.0544704 1
0 0.461582 0.572052 0.0335966 0.0591205 2
0 0.505556 0.650468 0.0334867 0.0508387 3
0 0.60709 0.655825 0.0331665 0.0479699 4
0 0.655963 0.581281 0.0336534 0.0604869 5
0 0.393334 0.636229 0.035298 0.0550763 6
0 0.567693 0.576003 0.034028 0.0614841 7
0 0.738313 0.605159 0.0313631 0.0566024 8
0 0.693904 0.659754 0.0331177 0.0469151 9
0 0.394585 0.520176 0.0368263 0.0569625 10
0 0.298797 0.517438 0.0372189 0.0575347 11
0 0.610598 0.524589 0.0327772 0.0540522 12
