0 0.303244 0.157069 0.0368806 0.0584477 1
0 0.46686 0.0921848 0.0344824 0.0609306 2
0 0.511841 0.173656 0.0321739 0.0518605 3
0 0.613545 0.184473 0.0331281 0.0523358 4
0 0.661913 0.106628 0.0316867 0.0587589 5
0 0.3999 0.155624 0.0358067 0.0583554 6
0 0.57331 0.0993291 0.0321995 0.0575304 7
0 0.744782 0.131393 0.0311489 0.0558466 8
0 0.701647 0.190371 0.0326221 0.0489977 9
0 0.3983 0.0414422 0.0350943 0.0539157 10
0 0.30166 0.0370162 0.03591 0.0558955 11
0 0.614496 0.0506101 0.0321076 0.0485254 12
