0 0.303406 0.15742 0.0361709 0.0575445 1
0 0.467131 0.0924954 0.034572 0.0624412 2
0 0.512222 0.174593 0.0330273 0.0536264 3
0 0.613983 0.184637 0.0327681 0.051889 4
0 0.662811 0.10707 0.031885 0.0595798 5
0 0.400153 0.155366 0.0348393 0.0573009 6
0 0.574068 0.0995806 0.0331405 0.0592354 7
0 0.74563 0.131266 0.0316975 0.0573589 8
0 0.701901 0.189194 0.0319903 0.0472066 9
0 0.398745 0.0399043 0.0359679 0.0542711 10
0 0.302811 0.0368178 0.0367483 0.0566463 11
0 0.615562 0.0499095 0.0336351 0.050726 12
