0 0.303116 0.15702 0.0362514 0.0580887 1
0 0.46709 0.0908781 0.0360342 0.0639907 2
0 0.511292 0.174262 0.0329585 0.0528603 3
0 0.613655 0.184829 0.0335303 0.0529414 4
0 0.661835 0.106091 0.0316144 0.0597142 5
0 0.399797 0.155186 0.0357084 0.0582568 6
0 0.573781 0.10025 0.03278 0.0576717 7
0 0.745099 0.131785 0.0310683 0.0554033 8
0 0.701969 0.190034 0.0332849 0.0505621 9
0 0.398632 0.0412336 0.035512 0.0541033 10
0 0.302291 0.0354612 0.0359715 0.0554241 11
0 0.615307 0.0492871 0.0321873 0.0493738 12
