0 0.556864 0.844127 0.0327613 0.0567142 1095
0 0.344041 0.811513 0.0358435 0.0589482 1096
0 0.24869 0.7959 0.037395 0.0620054 1097
0 0.511014 0.891918 0.0329376 0.0578807 1099
0 0.407157 0.8754 0.0348506 0.0619982 1100
0 0.597032 0.909615 0.0319423 0.056569 1101
0 0.676268 0.94011 0.0315358 0.0537797 1103
0 0.334266 0.925438 0.0353545 0.0484595 1116
0 0.23771 0.914887 0.0364391 0.0489178 1117
0 0.44481 0.952115 0.0339576 0.0387378 1120
0 0.54387 0.970154 0.0371407 0.0402238 1122
0 0.628463 0.981285 0.0334129 0.0354352 1124
