0 0.303384 0.157266 0.0368552 0.0578565 1
0 0.467062 0.0926852 0.0346149 0.0620928 2
0 0.512274 0.173114 0.0334176 0.0526854 3
0 0.614028 0.184334 0.0320258 0.0504304 4
0 0.662441 0.105917 0.0319922 0.0592443 5
0 0.400061 0.155555 0.0357282 0.0571678 6
0 0.573206 0.10118 0.0327877 0.0585426 7
0 0.745328 0.131145 0.0319622 0.0556831 8
0 0.701489 0.189035 0.032848 0.0498153 9
0 0.399016 0.0407261 0.0356126 0.0544996 10
0 0.303274 0.0355999 0.0370878 0.0554013 11
0 0.614898 0.0507543 0.0327373 0.0497841 12
