0 0.303366 0.157289 0.0341271 0.0565416 1
0 0.466623 0.0920756 0.0353382 0.0641703 2
0 0.511906 0.173242 0.0314215 0.053143 3
0 0.614314 0.184285 0.0315075 0.0513473 4
0 0.662133 0.106801 0.0317761 0.0589666 5
0 0.399845 0.156651 0.0351607 0.0579109 6
0 0.573252 0.100462 0.032954 0.0577565 7
0 0.744813 0.130944 0.0317109 0.0564667 8
0 0.701403 0.190247 0.032611 0.0502707 9
0 0.398732 0.0393346 0.0336009 0.0537128 10
0 0.303067 0.036112 0.0350316 0.0550616 11
0 0.615217 0.0492167 0.0324051 0.0502653 12
