0 0.303178 0.15705 0.0358302 0.0566494 1
0 0.466948 0.0922642 0.0349425 0.0616313 2
0 0.512688 0.173232 0.0335003 0.0531584 3
0 0.613559 0.184519 0.0324959 0.0514062 4
0 0.662031 0.106203 0.0320346 0.0597489 5
0 0.399758 0.15593 0.0356566 0.0581575 6
0 0.573659 0.0990192 0.0324183 0.0575243 7
0 0.745201 0.130444 0.031319 0.0556296 8
0 0.7018 0.189244 0.0337906 0.0503368 9
0 0.397992 0.0407878 0.0347077 0.0534238 10
0 0.302777 0.0369382 0.0372528 0.0571779 11
0 0.614947 0.0503204 0.0331426 0.050178 12
