0 0.30312 0.156613 0.0371675 0.0572251 1
0 0.466927 0.0917069 0.0361543 0.0642201 2
0 0.512771 0.172934 0.0332753 0.0528429 3
0 0.614296 0.1848 0.0327784 0.051256 4
0 0.662092 0.105901 0.0320998 0.059278 5
0 0.399798 0.156159 0.035656 0.0582735 6
0 0.573707 0.0999715 0.0326369 0.0583351 7
0 0.745537 0.131873 0.0319803 0.0579141 8
0 0.702051 0.189349 0.0325911 0.0490668 9
0 0.398413 0.0396117 0.0357444 0.0530638 10
0 0.302468 0.0359311 0.0363725 0.0553615 11
0 0.616327 0.0509411 0.0330807 0.0497997 12
