0 0.293897 0.975273 0.0342792 0.0487619 1
0 0.457117 0.905645 0.0329792 0.0585632 2
0 0.501046 0.97646 0.0320767 0.0433333 3
0 0.602642 0.979793 0.0316678 0.0404137 4
0 0.651066 0.907714 0.0336092 0.0611337 5
0 0.389068 0.96932 0.0342487 0.0515993 6
0 0.563542 0.906444 0.0328905 0.0594577 7
0 0.734355 0.925158 0.0309906 0.0551066 8
0 0.688607 0.979202 0.0320043 0.0404051 9
0 0.390899 0.854222 0.0364646 0.0580594 10
0 0.296226 0.855412 0.0385588 0.0620785 11
0 0.6064 0.85203 0.0333366 0.0561959 12
