0 0.303284 0.168468 0.0349729 0.0549084 1
0 0.467364 0.104584 0.0345995 0.0620291 2
0 0.512051 0.187558 0.0330447 0.0532975 3
0 0.613033 0.198837 0.0342577 0.0542004 4
0 0.662553 0.119167 0.0321005 0.0603716 5
0 0.399326 0.16782 0.034791 0.0559969 6
0 0.574617 0.112942 0.0327899 0.0591454 7
0 0.746074 0.145066 0.0309472 0.0561576 8
0 0.70224 0.204668 0.0337998 0.050865 9
0 0.39876 0.0526122 0.0324554 0.0493476 10
0 0.302144 0.0476205 0.0366819 0.0570475 11
0 0.61623 0.0636875 0.0319496 0.0486117 12
