0 0.301791 0.286665 0.0362707 0.0564759 1
0 0.465981 0.224755 0.0348109 0.0623312 2
0 0.510304 0.305871 0.032831 0.0524779 3
0 0.612016 0.316473 0.0331329 0.0503762 4
0 0.660858 0.238898 0.03217 0.0587377 5
0 0.397571 0.287011 0.0371498 0.0601332 6
0 0.572679 0.234029 0.0319295 0.0578737 7
0 0.744043 0.263813 0.0303566 0.0556788 8
0 0.699395 0.321561 0.033275 0.0481512 9
0 0.397431 0.168775 0.0371836 0.0556388 10
0 0.302233 0.163834 0.0374596 0.0551855 11
0 0.614618 0.18273 0.0339745 0.0509078 12
