0 0.303311 0.155655 0.0361221 0.0555193 1
0 0.467112 0.0920105 0.0348272 0.0621342 2
0 0.511872 0.174402 0.0331125 0.0527537 3
0 0.613732 0.184433 0.0330336 0.0522582 4
0 0.662091 0.106041 0.0319676 0.0593421 5
0 0.399679 0.155388 0.0357 0.05727 6
0 0.573694 0.0995478 0.0320934 0.0571144 7
0 0.744955 0.130499 0.0319389 0.055895 8
0 0.701925 0.188866 0.0333509 0.0498139 9
0 0.398717 0.0401619 0.0363105 0.0539735 10
0 0.302243 0.0368187 0.037201 0.0561571 11
0 0.615353 0.0498509 0.0322075 0.0495856 12
