0 0.303188 0.156857 0.0360699 0.0555817 1
0 0.467084 0.0920886 0.0355145 0.0637187 2
0 0.511777 0.173602 0.0324597 0.0520848 3
0 0.614378 0.184849 0.0324251 0.0504825 4
0 0.66246 0.105977 0.0320477 0.0599073 5
0 0.399953 0.156072 0.0357909 0.0586728 6
0 0.573527 0.100208 0.0329005 0.0585245 7
0 0.74644 0.131906 0.0323418 0.0583183 8
0 0.702121 0.188856 0.0330063 0.0502199 9
0 0.398572 0.0392028 0.0348653 0.0518186 10
0 0.302387 0.0366833 0.0365108 0.0557623 11
0 0.61602 0.0510673 0.0323801 0.0489326 12
