0 0.300699 0.351999 0.0352697 0.0544302 1
0 0.465229 0.288032 0.0334961 0.0604694 2
0 0.509009 0.37018 0.0321848 0.0496286 3
0 0.611286 0.379799 0.0334494 0.0508816 4
0 0.659431 0.304109 0.0320615 0.0581839 5
0 0.39717 0.352859 0.0355418 0.0568213 6
0 0.571498 0.296631 0.0335308 0.0604964 7
0 0.742891 0.327918 0.0307239 0.0558695 8
0 0.698972 0.385765 0.0331726 0.0472059 9
0 0.397577 0.235831 0.0347859 0.0544122 10
0 0.301679 0.230872 0.0375926 0.0555758 11
0 0.613736 0.246572 0.033198 0.0518415 12
0 0.906883 0.82572 0.0378173 0.0685723 881
