0 0.303702 0.156216 0.0364551 0.0579916 1
0 0.466822 0.0920928 0.0346497 0.0624233 2
0 0.512339 0.174291 0.0327484 0.0527412 3
0 0.613832 0.185511 0.0338628 0.0540984 4
0 0.662347 0.10715 0.0328479 0.0617427 5
0 0.400136 0.156019 0.0355214 0.0583284 6
0 0.573536 0.0999376 0.0318937 0.0565365 7
0 0.74564 0.131109 0.0324512 0.0586896 8
0 0.702202 0.190024 0.0333715 0.049288 9
0 0.398621 0.0403439 0.0355866 0.0537017 10
0 0.302851 0.0366067 0.0369992 0.0572015 11
0 0.615353 0.0500929 0.0335764 0.0508463 12
