0 0.30331 0.156602 0.0355783 0.0566329 1
0 0.467178 0.0920698 0.0351583 0.0614543 2
0 0.511871 0.173433 0.0327601 0.0530769 3
0 0.613773 0.183999 0.0325377 0.0513588 4
0 0.662387 0.106322 0.032086 0.0600312 5
0 0.399914 0.156021 0.0364153 0.0591846 6
0 0.573245 0.0993973 0.0320114 0.0574722 7
0 0.746287 0.131728 0.0322832 0.0577869 8
0 0.702226 0.190687 0.0329173 0.0502963 9
0 0.398315 0.04055 0.0354995 0.0542343 10
0 0.302535 0.0364988 0.036174 0.0568197 11
0 0.615404 0.0500506 0.0321167 0.0494113 12
0 0.350131 0.0976598 0.0329717 0.0622343 592
