0 0.303291 0.155962 0.0363376 0.0568302 1
0 0.466876 0.0923029 0.0354862 0.0632565 2
0 0.512751 0.173501 0.0336627 0.0541097 3
0 0.613737 0.184512 0.0323723 0.0516641 4
0 0.662714 0.10629 0.0315647 0.0581664 5
0 0.400076 0.155876 0.0361281 0.0584476 6
0 0.57402 0.0990367 0.032816 0.0578079 7
0 0.745053 0.131103 0.0320665 0.0561384 8
0 0.701812 0.18919 0.0323381 0.0493311 9
0 0.398734 0.0390513 0.0353426 0.0529521 10
0 0.301908 0.035997 0.0363389 0.0562895 11
0 0.615695 0.0494897 0.0337669 0.0512678 12
