0 0.302923 0.156436 0.03726 0.0577394 1
0 0.466827 0.0915715 0.0350443 0.0620392 2
0 0.51141 0.173491 0.0330781 0.052251 3
0 0.613492 0.184986 0.0333385 0.0521766 4
0 0.66215 0.106289 0.0324179 0.0599912 5
0 0.399646 0.154943 0.0364567 0.0595802 6
0 0.573561 0.0999939 0.0328261 0.0582922 7
0 0.745327 0.131411 0.0322019 0.0560292 8
0 0.701823 0.189476 0.0332654 0.0506367 9
0 0.398563 0.0403722 0.0360262 0.0533912 10
0 0.302254 0.0370111 0.0364128 0.0552864 11
0 0.614636 0.0494202 0.032645 0.0493527 12
