0 0.303197 0.156847 0.0358192 0.0564583 1
0 0.467357 0.0921474 0.0343479 0.0606275 2
0 0.512335 0.172881 0.033255 0.0531801 3
0 0.614 0.184019 0.0325121 0.0512353 4
0 0.661874 0.10627 0.0320727 0.0600903 5
0 0.399901 0.156145 0.0364038 0.0591889 6
0 0.573753 0.100051 0.0318642 0.0568832 7
0 0.745061 0.131562 0.0318665 0.0563261 8
0 0.701688 0.189044 0.0328137 0.0503352 9
0 0.398235 0.0399115 0.034638 0.0526809 10
0 0.302521 0.036 0.0359424 0.0553728 11
0 0.615333 0.0509671 0.0344054 0.052044 12
0 0.352109 0.0863404 0.0285717 0.0515596 592
