0 0.30322 0.156741 0.0364163 0.0567673 1
0 0.467024 0.0918333 0.0349587 0.0614045 2
0 0.512528 0.173006 0.0325795 0.0520881 3
0 0.614071 0.184256 0.0326866 0.0519451 4
0 0.662129 0.106407 0.0319402 0.0588235 5
0 0.399677 0.157111 0.0357838 0.0578148 6
0 0.57321 0.101001 0.0322865 0.0563475 7
0 0.745585 0.129728 0.0328208 0.0569489 8
0 0.701612 0.189908 0.0337153 0.051531 9
0 0.39812 0.0400927 0.0350539 0.0535472 10
0 0.301893 0.0354776 0.0362408 0.0559817 11
0 0.614848 0.049926 0.031757 0.0490829 12
