0 0.303517 0.155747 0.0366938 0.0566486 1
0 0.467319 0.0922297 0.0353086 0.0635206 2
0 0.511535 0.1741 0.0322541 0.0521654 3
0 0.614255 0.185225 0.034413 0.0540433 4
0 0.662268 0.10556 0.0315524 0.0589747 5
0 0.399918 0.155302 0.0362216 0.0593166 6
0 0.573619 0.0991419 0.0326502 0.0581117 7
0 0.745599 0.130701 0.0319026 0.05685 8
0 0.702078 0.189642 0.0336648 0.0512752 9
0 0.398443 0.0401789 0.0352565 0.052424 10
0 0.302775 0.0356566 0.0369386 0.0566783 11
0 0.616162 0.0503432 0.0321083 0.0483773 12
