0 0.303553 0.156923 0.0364915 0.0572536 1
0 0.466865 0.0928994 0.0351262 0.0631579 2
0 0.511749 0.173709 0.0325866 0.0528711 3
0 0.613861 0.184659 0.0326332 0.0515281 4
0 0.662122 0.107499 0.0322379 0.0592102 5
0 0.400181 0.155485 0.0354988 0.058105 6
0 0.57361 0.0991112 0.0326089 0.057324 7
0 0.745354 0.130964 0.0320139 0.0579684 8
0 0.702325 0.189109 0.0328229 0.0490283 9
0 0.398618 0.0407516 0.0367669 0.0553151 10
0 0.302615 0.0352534 0.0363494 0.0548572 11
0 0.615372 0.0500573 0.0334413 0.0498759 12
