0 0.299944 0.444152 0.0354024 0.0538872 1
0 0.464016 0.380809 0.0342166 0.0621798 2
0 0.507741 0.46122 0.0311701 0.0471045 3
0 0.610093 0.468739 0.033514 0.05025 4
0 0.658761 0.394971 0.032777 0.0595342 5
0 0.395596 0.443503 0.0348691 0.0556856 6
0 0.570138 0.386642 0.0336833 0.0609195 7
0 0.741495 0.417821 0.0307797 0.0558153 8
0 0.697767 0.474212 0.032235 0.0456661 9
0 0.396246 0.328456 0.0342328 0.0531958 10
0 0.300844 0.324075 0.0356926 0.0542969 11
0 0.612445 0.336558 0.0324916 0.0521825 12
