0 0.303232 0.156507 0.0370539 0.0570377 1
0 0.467144 0.0918524 0.035379 0.0633137 2
0 0.511782 0.174278 0.0332995 0.053347 3
0 0.614317 0.185045 0.0335618 0.0525011 4
0 0.662633 0.105582 0.0320699 0.0601116 5
0 0.400033 0.154979 0.036182 0.0589918 6
0 0.573981 0.0993771 0.0320432 0.0575058 7
0 0.745222 0.130626 0.0317472 0.056128 8
0 0.702749 0.189591 0.0328913 0.0492617 9
0 0.398555 0.0406623 0.0358005 0.0525028 10
0 0.302891 0.0356661 0.0367118 0.0560108 11
0 0.61565 0.0495659 0.0324595 0.0495002 12
