0 0.302935 0.156371 0.0361971 0.0574177 1
0 0.466853 0.0912972 0.0347003 0.0635965 2
0 0.512396 0.17268 0.0323767 0.0523161 3
0 0.613917 0.184787 0.0325675 0.0513796 4
0 0.66276 0.106814 0.0320726 0.0587372 5
0 0.400171 0.155679 0.0364169 0.0589414 6
0 0.57384 0.0994828 0.0325068 0.0584607 7
0 0.746278 0.130735 0.0329354 0.0570111 8
0 0.702345 0.190268 0.0328154 0.0487367 9
0 0.398111 0.0397564 0.0343685 0.0520658 10
0 0.302981 0.0358151 0.0368403 0.0559942 11
0 0.61533 0.0491163 0.0326447 0.0502606 12
