0 0.303671 0.156334 0.0365036 0.0577969 1
0 0.466936 0.0919146 0.0349979 0.0634189 2
0 0.512421 0.173534 0.0326175 0.0529525 3
0 0.614038 0.185073 0.0321471 0.0507384 4
0 0.662383 0.106064 0.0314699 0.0589948 5
0 0.400109 0.156221 0.0361615 0.0594828 6
0 0.573665 0.100577 0.0322529 0.0573103 7
0 0.745531 0.131567 0.0323465 0.0583479 8
0 0.70238 0.190143 0.0330594 0.049201 9
0 0.398279 0.0404734 0.0355165 0.0537235 10
0 0.302535 0.0358801 0.0365136 0.0557761 11
0 0.61582 0.0492162 0.0333778 0.0501183 12
