0 0.303441 0.156865 0.0365865 0.0573348 1
0 0.466326 0.0930801 0.0361012 0.0648338 2
0 0.512233 0.173594 0.0326046 0.0527534 3
0 0.614303 0.184498 0.0321745 0.0507099 4
0 0.662401 0.106389 0.0321249 0.0589261 5
0 0.400185 0.156585 0.0356245 0.0582482 6
0 0.57353 0.0993656 0.0328297 0.0575621 7
0 0.745244 0.130979 0.0324107 0.0584465 8
0 0.702095 0.189021 0.0326808 0.0487702 9
0 0.398457 0.0409856 0.0364006 0.0544696 10
0 0.302463 0.0353703 0.0368274 0.0555291 11
0 0.615673 0.049878 0.0336158 0.0500491 12
