0 0.303565 0.156459 0.0352261 0.0553887 1
0 0.467247 0.0925559 0.0354665 0.0631592 2
0 0.5124 0.173342 0.0328487 0.0532271 3
0 0.613976 0.185387 0.0328231 0.0516279 4
0 0.662169 0.105414 0.0314287 0.0588638 5
0 0.399749 0.15631 0.0359063 0.0580262 6
0 0.573864 0.100741 0.0329401 0.0589111 7
0 0.746035 0.13115 0.0326174 0.0586966 8
0 0.702251 0.189665 0.0327939 0.0504345 9
0 0.398259 0.0401024 0.0344938 0.0529409 10
0 0.302523 0.0363457 0.0360117 0.0570066 11
0 0.615547 0.0501502 0.0321605 0.0498333 12
