0 0.302925 0.156924 0.0352427 0.0554667 1
0 0.467005 0.0915698 0.0363232 0.0637758 2
0 0.512582 0.173014 0.0329749 0.0523984 3
0 0.613489 0.184074 0.032563 0.0511496 4
0 0.661692 0.106697 0.0315657 0.0589464 5
0 0.399772 0.155796 0.036191 0.0588049 6
0 0.573391 0.100516 0.0324565 0.0582698 7
0 0.745592 0.131595 0.0319621 0.0564712 8
0 0.701773 0.189782 0.0332181 0.0508744 9
0 0.398198 0.0406633 0.0346664 0.0524765 10
0 0.302473 0.0357755 0.0356281 0.0551558 11
0 0.615583 0.050781 0.0338161 0.0511191 12
