0 0.30354 0.156784 0.035687 0.0562861 1
0 0.467405 0.0920037 0.035235 0.0635846 2
0 0.51275 0.173433 0.0335351 0.0537291 3
0 0.614166 0.184658 0.0326196 0.0511362 4
0 0.662228 0.106128 0.032441 0.0602793 5
0 0.4001 0.154955 0.0358753 0.0584587 6
0 0.573953 0.100217 0.0330081 0.05859 7
0 0.744878 0.13126 0.0324582 0.0572665 8
0 0.702107 0.189564 0.0331398 0.0512399 9
0 0.398717 0.0406036 0.0354398 0.0525989 10
0 0.301989 0.0355056 0.0349732 0.0547427 11
0 0.615407 0.0501125 0.0318206 0.0493525 12
