0 0.303024 0.172363 0.0358837 0.0560102 1
0 0.467405 0.109338 0.0338614 0.0605906 2
0 0.511312 0.192306 0.0328126 0.053227 3
0 0.613416 0.203041 0.0339899 0.0538316 4
0 0.661637 0.123709 0.0314295 0.0586096 5
0 0.399777 0.173035 0.0362301 0.0583347 6
0 0.574017 0.11672 0.0311216 0.0559239 7
0 0.745864 0.148837 0.0309355 0.0560393 8
0 0.701945 0.206808 0.0343966 0.0516586 9
0 0.398455 0.0574335 0.0330155 0.0489449 10
0 0.302688 0.0515073 0.0358784 0.0551188 11
0 0.616458 0.0682372 0.0334783 0.0513178 12
