0 0.299912 0.4238 0.0357421 0.0551358 1
0 0.463938 0.361379 0.0343744 0.0623364 2
0 0.507975 0.441573 0.0331887 0.0507489 3
0 0.610128 0.450344 0.0328795 0.0495958 4
0 0.659288 0.374901 0.0330654 0.0601508 5
0 0.396304 0.424707 0.0346524 0.0556236 6
0 0.570276 0.369326 0.0333778 0.0603969 7
0 0.742594 0.399041 0.0323195 0.058422 8
0 0.697843 0.455855 0.0339688 0.0484426 9
0 0.397032 0.308072 0.0348982 0.0543825 10
0 0.301071 0.303868 0.0381156 0.0582766 11
0 0.613091 0.318134 0.0332291 0.0530297 12
