0 0.303148 0.156487 0.0361609 0.0552713 1
0 0.467102 0.0924196 0.0352197 0.0627282 2
0 0.512264 0.17341 0.0331097 0.0525774 3
0 0.614085 0.184597 0.0327607 0.0514171 4
0 0.662158 0.104887 0.0323204 0.0602565 5
0 0.399635 0.155556 0.0358747 0.0590129 6
0 0.574199 0.100409 0.032173 0.0576034 7
0 0.745988 0.132132 0.032666 0.0580168 8
0 0.702109 0.189888 0.0322739 0.0495271 9
0 0.398344 0.0398721 0.0350294 0.052428 10
0 0.302732 0.036201 0.0364293 0.0545122 11
0 0.615324 0.0495058 0.0321837 0.0485868 12
