0 0.303225 0.156124 0.0362314 0.0571104 1
0 0.467257 0.0922229 0.0344597 0.0629814 2
0 0.511929 0.173807 0.0324938 0.0524661 3
0 0.61367 0.1853 0.0338108 0.0535678 4
0 0.662299 0.105806 0.0325055 0.0596652 5
0 0.399436 0.155173 0.0359081 0.0583391 6
0 0.573583 0.0989612 0.0321172 0.0570633 7
0 0.745612 0.131419 0.0328531 0.0572297 8
0 0.701828 0.189493 0.0323343 0.0486981 9
0 0.398346 0.0402973 0.0355634 0.0536317 10
0 0.302734 0.0361399 0.036729 0.0560601 11
0 0.614837 0.0494159 0.0322286 0.0503058 12
