0 0.303741 0.156124 0.0372331 0.0567956 1
0 0.466811 0.0915281 0.0358197 0.0642542 2
0 0.511636 0.173913 0.0330163 0.0524672 3
0 0.614137 0.185018 0.03338 0.0519338 4
0 0.662708 0.105724 0.0312421 0.0580419 5
0 0.399702 0.156269 0.0359771 0.0586038 6
0 0.573881 0.09933 0.0326171 0.0584709 7
0 0.745091 0.131073 0.0315481 0.0560864 8
0 0.702698 0.190243 0.0325502 0.0494381 9
0 0.398549 0.0405815 0.0356344 0.0529871 10
0 0.30212 0.035789 0.0364805 0.0548405 11
0 0.615421 0.0500911 0.0332794 0.04999 12
