0 0.303301 0.157388 0.0357989 0.0565013 1
0 0.466362 0.092311 0.0346554 0.0608178 2
0 0.512315 0.173241 0.0332377 0.0533418 3
0 0.613548 0.184464 0.032469 0.0513378 4
0 0.661666 0.106442 0.0321648 0.0596575 5
0 0.399375 0.155615 0.0351342 0.0571599 6
0 0.573669 0.0999663 0.0331388 0.0591288 7
0 0.74557 0.130792 0.0310746 0.0553269 8
0 0.701802 0.188777 0.0328388 0.0495507 9
0 0.39781 0.0402713 0.0342914 0.0520564 10
0 0.30256 0.0362236 0.0356191 0.0551865 11
0 0.615273 0.0491232 0.0334915 0.0509541 12
