0 0.30305 0.156357 0.0358408 0.0562818 1
0 0.466272 0.091448 0.0355358 0.062642 2
0 0.512513 0.173343 0.0332867 0.0531315 3
0 0.613813 0.184304 0.0326499 0.0513349 4
0 0.662205 0.106258 0.0316518 0.059038 5
0 0.39988 0.155843 0.0353748 0.0572119 6
0 0.573608 0.0997882 0.0320068 0.0575773 7
0 0.745295 0.131686 0.0315141 0.0556283 8
0 0.701867 0.189251 0.0329863 0.0507809 9
0 0.398289 0.0398243 0.0343176 0.0518827 10
0 0.30282 0.0361625 0.0362561 0.0560478 11
0 0.615559 0.0513833 0.0326884 0.0491897 12
