0 0.303376 0.157334 0.0359711 0.0572361 1
0 0.466984 0.0929681 0.0352603 0.0636621 2
0 0.512115 0.172992 0.0327578 0.0530387 3
0 0.61352 0.184253 0.0324423 0.0515632 4
0 0.662266 0.106001 0.0321031 0.0596404 5
0 0.400083 0.156373 0.035808 0.0581831 6
0 0.573588 0.100834 0.0330603 0.058322 7
0 0.745111 0.130906 0.0319752 0.0566071 8
0 0.701591 0.189592 0.0328515 0.0510601 9
0 0.398643 0.0410702 0.0344901 0.0536601 10
0 0.302774 0.0357679 0.0363629 0.0551877 11
0 0.614778 0.0511363 0.0322346 0.0496527 12
