0 0.30369 0.156661 0.0371502 0.0583768 1
0 0.467042 0.092918 0.0357463 0.0642594 2
0 0.511763 0.173641 0.0324514 0.0525169 3
0 0.613897 0.18472 0.0331864 0.0525491 4
0 0.662234 0.106678 0.0327672 0.0601893 5
0 0.400284 0.155372 0.0364986 0.0598435 6
0 0.573727 0.0993638 0.033591 0.059109 7
0 0.744973 0.130885 0.0312904 0.0566813 8
0 0.702316 0.189884 0.0337835 0.0505612 9
0 0.398716 0.0414005 0.036082 0.0541546 10
0 0.302581 0.0359493 0.037596 0.0569402 11
0 0.614922 0.0499252 0.0326209 0.0486723 12
