0 0.303347 0.156851 0.036638 0.0585572 1
0 0.467309 0.0914241 0.0349662 0.0618742 2
0 0.511596 0.173711 0.0330266 0.0532604 3
0 0.613441 0.184737 0.0327859 0.0522513 4
0 0.662023 0.106706 0.0322592 0.0598834 5
0 0.399602 0.155245 0.0362707 0.0588706 6
0 0.57312 0.100229 0.0323851 0.0570584 7
0 0.745369 0.130765 0.0314232 0.0563786 8
0 0.701909 0.190718 0.0332872 0.0503691 9
0 0.398146 0.0407803 0.0360646 0.0550015 10
0 0.301672 0.0369 0.0360368 0.0559527 11
0 0.614657 0.0502689 0.0332882 0.0507611 12
