0 0.303146 0.156533 0.0364092 0.0579103 1
0 0.466962 0.0916718 0.0344946 0.0610472 2
0 0.51191 0.172994 0.0330729 0.0531425 3
0 0.613611 0.184664 0.0334192 0.0527441 4
0 0.661922 0.106801 0.0319648 0.0594937 5
0 0.399953 0.155634 0.035558 0.0578254 6
0 0.573426 0.0996868 0.0321911 0.0565463 7
0 0.744903 0.13159 0.0308648 0.055308 8
0 0.701892 0.190436 0.0327637 0.0496879 9
0 0.398194 0.0411856 0.0357116 0.0536935 10
0 0.301867 0.0359515 0.0350596 0.0547288 11
0 0.614409 0.0506177 0.0321895 0.0482419 12
