0 0.303302 0.156709 0.0364378 0.0562882 1
0 0.466988 0.0920283 0.0355573 0.0630934 2
0 0.512134 0.173787 0.0333093 0.0530773 3
0 0.614263 0.18438 0.0327138 0.0512519 4
0 0.662139 0.106145 0.0320279 0.0592867 5
0 0.399861 0.15608 0.0364158 0.0595827 6
0 0.573719 0.0997091 0.0327966 0.0585579 7
0 0.74532 0.132 0.0320475 0.0582713 8
0 0.701693 0.18895 0.0335235 0.0506607 9
0 0.398475 0.0396277 0.0357036 0.0531424 10
0 0.302565 0.0366587 0.0365926 0.0558325 11
0 0.615955 0.0506823 0.0326834 0.0491377 12
