0 0.303478 0.156906 0.0361787 0.0575513 1
0 0.46704 0.0925318 0.0352415 0.0626447 2
0 0.512103 0.173511 0.0329247 0.0534549 3
0 0.613898 0.184284 0.032799 0.0517423 4
0 0.662443 0.106136 0.0319745 0.0597115 5
0 0.399699 0.155801 0.0353871 0.0572074 6
0 0.573283 0.100114 0.0328032 0.0587629 7
0 0.745371 0.130886 0.031972 0.0575978 8
0 0.702187 0.190156 0.0325121 0.0499298 9
0 0.398632 0.0402666 0.0358191 0.0546513 10
0 0.302561 0.0368963 0.0366932 0.0585232 11
0 0.61489 0.0491515 0.0328049 0.0509241 12
0 0.356867 0.0937138 0.0362263 0.0625337 592
