0 0.30333 0.156589 0.0366789 0.0561691 1
0 0.46732 0.0920122 0.0347121 0.0620303 2
0 0.512556 0.173775 0.0323836 0.0517611 3
0 0.614465 0.184178 0.0319806 0.050367 4
0 0.662719 0.105622 0.0323474 0.058873 5
0 0.399983 0.15626 0.0354104 0.0581107 6
0 0.573546 0.0992529 0.0330681 0.0584749 7
0 0.746026 0.130861 0.0323052 0.0566626 8
0 0.702306 0.18867 0.0329301 0.0481135 9
0 0.398856 0.0408745 0.0364068 0.0543504 10
0 0.302791 0.035846 0.0364985 0.0549868 11
0 0.615798 0.0496881 0.0321369 0.0491109 12
