0 0.302925 0.223584 0.036881 0.0571567 1
0 0.467015 0.161034 0.0342236 0.0613015 2
0 0.510789 0.242318 0.0329349 0.0523181 3
0 0.612696 0.254912 0.0332313 0.0515436 4
0 0.661536 0.176647 0.0325707 0.0603305 5
0 0.39904 0.224839 0.0363319 0.0583063 6
0 0.572688 0.169719 0.0328778 0.0600508 7
0 0.744922 0.202718 0.0329069 0.0598743 8
0 0.701605 0.258924 0.0339664 0.0497813 9
0 0.398467 0.10844 0.037218 0.0547034 10
0 0.302637 0.10203 0.0370495 0.0543806 11
0 0.615106 0.121273 0.0324075 0.0486681 12
