0 0.298879 0.523625 0.0354541 0.0532884 1
0 0.463164 0.459101 0.0336974 0.0601764 2
0 0.507149 0.538368 0.0336251 0.0497307 3
0 0.608671 0.545786 0.0331152 0.0487664 4
0 0.657117 0.471367 0.0325931 0.0588885 5
0 0.394615 0.522436 0.0340452 0.0529304 6
0 0.569331 0.465794 0.0323658 0.0586105 7
0 0.740352 0.494493 0.0320301 0.0580663 8
0 0.695976 0.550531 0.0329833 0.0471823 9
0 0.396313 0.406695 0.0347311 0.053361 10
0 0.300464 0.402861 0.0374758 0.0573519 11
0 0.611205 0.413975 0.0317269 0.0517082 12
