0 0.303021 0.156846 0.0363698 0.0568158 1
0 0.467202 0.0917535 0.0353399 0.0629117 2
0 0.512392 0.174001 0.0332482 0.0527509 3
0 0.61356 0.184862 0.0328511 0.0520445 4
0 0.662315 0.106824 0.0324759 0.0602675 5
0 0.399786 0.155539 0.0352645 0.0569057 6
0 0.573472 0.0995113 0.0323772 0.0581855 7
0 0.744852 0.130605 0.0314869 0.0547543 8
0 0.702015 0.188703 0.0329177 0.0497041 9
0 0.398832 0.0409148 0.0354223 0.0529987 10
0 0.302209 0.0361118 0.0354134 0.0531828 11
0 0.615468 0.0505722 0.0323846 0.0498706 12
0 0.699141 0.0624164 0.0278251 0.042187 399
