0 0.303295 0.157044 0.036097 0.0567277 1
0 0.466931 0.0926995 0.0350334 0.0632254 2
0 0.511915 0.172987 0.0330495 0.0522155 3
0 0.613966 0.18453 0.0321272 0.0508308 4
0 0.662211 0.105702 0.031983 0.0593848 5
0 0.399996 0.15581 0.035335 0.0567392 6
0 0.573228 0.101017 0.0329249 0.0587436 7
0 0.745215 0.130828 0.0321676 0.0564133 8
0 0.701558 0.188696 0.032406 0.049439 9
0 0.398464 0.0407149 0.0350786 0.0542262 10
0 0.302707 0.036058 0.03649 0.0548993 11
0 0.615173 0.0506826 0.032647 0.0496828 12
