0 0.303264 0.156707 0.0362887 0.0555567 1
0 0.466938 0.0913582 0.0351828 0.0630274 2
0 0.512318 0.173447 0.0323081 0.0512748 3
0 0.61471 0.184831 0.0325635 0.0508833 4
0 0.662614 0.106059 0.031626 0.0591979 5
0 0.40019 0.156555 0.0357516 0.0583733 6
0 0.57365 0.100771 0.0321796 0.0576704 7
0 0.745848 0.132266 0.0331095 0.0591504 8
0 0.701826 0.189796 0.0339963 0.0515134 9
0 0.398343 0.0400751 0.0350624 0.0516174 10
0 0.303125 0.0363781 0.0362092 0.054752 11
0 0.616098 0.0506957 0.0317651 0.0477695 12
