0 0.303635 0.157056 0.0364219 0.0570727 1
0 0.466973 0.0921555 0.0355602 0.0641164 2
0 0.512144 0.174414 0.0331194 0.0538607 3
0 0.61386 0.184745 0.0328134 0.051665 4
0 0.662307 0.107339 0.0322905 0.0601214 5
0 0.400122 0.155659 0.0353788 0.0579706 6
0 0.573851 0.0995806 0.0328602 0.0579746 7
0 0.745449 0.130597 0.0319268 0.0579332 8
0 0.702314 0.189002 0.0324359 0.0486953 9
0 0.398269 0.040804 0.0362009 0.0549545 10
0 0.302624 0.0353212 0.0363659 0.0552658 11
0 0.615894 0.0502768 0.0340079 0.0509471 12
