0 0.303197 0.156965 0.0360438 0.0568945 1
0 0.467697 0.0921686 0.0350893 0.0624783 2
0 0.512098 0.174134 0.0332727 0.0531261 3
0 0.613709 0.184827 0.0334867 0.0524616 4
0 0.66249 0.106826 0.032085 0.0584118 5
0 0.399663 0.156059 0.0350317 0.0565919 6
0 0.573622 0.100475 0.0333868 0.0585857 7
0 0.745479 0.131056 0.0320007 0.0552318 8
0 0.701812 0.189684 0.0321178 0.0498248 9
0 0.397939 0.0393698 0.0340169 0.0523571 10
0 0.301808 0.0367885 0.0358479 0.0542861 11
0 0.615545 0.0498599 0.0332551 0.0499063 12
