0 0.565417 0.813562 0.0326181 0.0555797 1095
0 0.352323 0.788611 0.0360932 0.0587907 1096
0 0.25645 0.776749 0.0387256 0.0623801 1097
0 0.521143 0.863518 0.0337237 0.0596675 1099
0 0.415698 0.849989 0.0340348 0.060839 1100
0 0.607864 0.876501 0.0335761 0.059884 1101
0 0.686942 0.905828 0.0304474 0.053165 1103
0 0.343622 0.903149 0.0357859 0.0503468 1116
0 0.247653 0.898265 0.0370828 0.0501988 1117
0 0.454474 0.925531 0.0350368 0.0420556 1120
0 0.55464 0.938705 0.0347958 0.0388315 1122
0 0.639737 0.949341 0.0327403 0.0350787 1124
