0 0.303309 0.156698 0.0364969 0.0571186 1
0 0.466497 0.0923803 0.0356557 0.0628912 2
0 0.512308 0.173407 0.0335474 0.0538845 3
0 0.613859 0.184303 0.0322273 0.0506474 4
0 0.661768 0.105763 0.0314609 0.0582329 5
0 0.399886 0.156616 0.0361908 0.0584555 6
0 0.57372 0.100295 0.0325375 0.0573162 7
0 0.745724 0.130237 0.0319758 0.0559225 8
0 0.701827 0.189201 0.0332965 0.0507128 9
0 0.397769 0.0400269 0.0355648 0.0544573 10
0 0.301803 0.0357653 0.0368927 0.0558071 11
0 0.615028 0.049759 0.0332185 0.0507588 12
