0 0.303476 0.157422 0.035449 0.0563238 1
0 0.466704 0.0912651 0.0349959 0.062753 2
0 0.512012 0.173445 0.0330738 0.052761 3
0 0.613762 0.184773 0.0331183 0.0523062 4
0 0.661911 0.106384 0.0320004 0.0600751 5
0 0.399783 0.156546 0.0357449 0.0580119 6
0 0.573448 0.100682 0.0337698 0.0601288 7
0 0.745856 0.130653 0.0315447 0.0562864 8
0 0.702363 0.189205 0.0322148 0.0486464 9
0 0.398513 0.0402613 0.0352699 0.0534825 10
0 0.302512 0.0347614 0.035408 0.0550115 11
0 0.615385 0.0509428 0.0338381 0.0514219 12
