0 0.303312 0.156454 0.0361014 0.0563505 1
0 0.467142 0.0925461 0.0350624 0.0615289 2
0 0.511855 0.173674 0.032517 0.052638 3
0 0.613801 0.185048 0.0332175 0.0520786 4
0 0.662113 0.105725 0.0319451 0.0585251 5
0 0.399579 0.155845 0.035463 0.0572981 6
0 0.57293 0.100832 0.0325245 0.0582717 7
0 0.745107 0.130752 0.0319259 0.0550222 8
0 0.701248 0.189145 0.0327167 0.0506399 9
0 0.397768 0.0384166 0.0340659 0.051846 10
0 0.302342 0.0361587 0.0366073 0.0549894 11
0 0.615583 0.0493705 0.0344361 0.0524958 12
