0 0.30325 0.156902 0.03627 0.0574008 1
0 0.466519 0.0923161 0.0351161 0.062029 2
0 0.512515 0.173308 0.032524 0.0521225 3
0 0.613503 0.185121 0.0327219 0.0514571 4
0 0.662178 0.106753 0.0321069 0.0597442 5
0 0.399798 0.156329 0.0353236 0.0574316 6
0 0.573618 0.0995594 0.0323112 0.0576548 7
0 0.745249 0.131 0.0315979 0.0565659 8
0 0.701798 0.189533 0.0329554 0.0496742 9
0 0.398231 0.0404919 0.0343075 0.0524138 10
0 0.301896 0.0358391 0.0353899 0.0548072 11
0 0.615154 0.050447 0.0326869 0.0493942 12
