0 0.303232 0.156682 0.0367634 0.0580824 1
0 0.466836 0.0925511 0.0350026 0.0615929 2
0 0.512401 0.173821 0.0343532 0.0548949 3
0 0.613584 0.184342 0.0326716 0.0519296 4
0 0.662037 0.106607 0.0323039 0.0602884 5
0 0.399946 0.155877 0.0356601 0.0582017 6
0 0.573288 0.0997783 0.03276 0.0583649 7
0 0.745065 0.130839 0.0321426 0.057084 8
0 0.701823 0.190516 0.0334147 0.0498287 9
0 0.397691 0.0406766 0.035113 0.0542682 10
0 0.301656 0.0371312 0.0363667 0.056028 11
0 0.614231 0.0504493 0.0325434 0.0493206 12
0 0.351184 0.100336 0.0294336 0.0570076 592
