0 0.303515 0.156266 0.0363102 0.0580759 1
0 0.467428 0.0915167 0.0356973 0.0628506 2
0 0.511665 0.173873 0.0326184 0.0526143 3
0 0.613623 0.184696 0.0336972 0.053595 4
0 0.66257 0.105592 0.0319655 0.0593315 5
0 0.399953 0.155474 0.0358781 0.0581565 6
0 0.573611 0.0983057 0.0332063 0.0594758 7
0 0.74521 0.131087 0.0317324 0.0572356 8
0 0.701838 0.189705 0.0328649 0.0506881 9
0 0.399036 0.0409737 0.0364194 0.0554288 10
0 0.302759 0.0364315 0.0362003 0.0571926 11
0 0.615315 0.0492834 0.0323174 0.049522 12
