0 0.303242 0.156843 0.0362605 0.0563654 1
0 0.467502 0.0924317 0.0344043 0.0619901 2
0 0.512187 0.173063 0.0323329 0.0520497 3
0 0.614319 0.184253 0.0325026 0.0507067 4
0 0.662761 0.105717 0.032178 0.0588871 5
0 0.400142 0.155424 0.0361568 0.0591451 6
0 0.573417 0.0991221 0.0319923 0.056672 7
0 0.746117 0.131678 0.0328213 0.0575665 8
0 0.702317 0.188639 0.032609 0.049063 9
0 0.398646 0.0401813 0.0361972 0.053989 10
0 0.302665 0.0355346 0.03714 0.0566013 11
0 0.616714 0.0496696 0.0321743 0.0491448 12
