0 0.303177 0.15714 0.0363318 0.057272 1
0 0.466924 0.0927342 0.0350159 0.0614471 2
0 0.511996 0.173222 0.0336285 0.0540982 3
0 0.61343 0.184246 0.032731 0.0517814 4
0 0.661973 0.106872 0.0313927 0.058266 5
0 0.399591 0.155719 0.0359978 0.0588098 6
0 0.57343 0.099287 0.0317601 0.0565362 7
0 0.74544 0.131407 0.0327305 0.0582311 8
0 0.702197 0.189009 0.0323514 0.0489424 9
0 0.397889 0.0391645 0.0348508 0.0531845 10
0 0.302496 0.0362965 0.0362972 0.0562227 11
0 0.614697 0.0494537 0.0329029 0.0497312 12
0 0.351659 0.0942462 0.0301941 0.05649 592
