0 0.303712 0.156005 0.037701 0.0590655 1
0 0.467345 0.0928885 0.0349016 0.0628211 2
0 0.511961 0.173909 0.0328779 0.0532911 3
0 0.6139 0.184866 0.032976 0.0523703 4
0 0.662262 0.10656 0.0320948 0.0587214 5
0 0.400189 0.155365 0.0361819 0.0593674 6
0 0.573818 0.0990522 0.0330023 0.0579054 7
0 0.745407 0.130675 0.0317756 0.0572788 8
0 0.70224 0.18976 0.0342058 0.0510175 9
0 0.399463 0.0413636 0.0360768 0.053824 10
0 0.302759 0.0354927 0.037489 0.0566945 11
0 0.615196 0.0497975 0.0330441 0.0491424 12
