0 0.575382 0.836217 0.0329216 0.0567924 1095
0 0.361396 0.824481 0.0369835 0.0589607 1096
0 0.265247 0.818595 0.0385027 0.0617889 1097
0 0.531437 0.888314 0.0353979 0.0595343 1099
0 0.425969 0.881316 0.0361726 0.0605973 1100
0 0.618262 0.897902 0.0340284 0.0587417 1101
0 0.698994 0.920894 0.0316874 0.0524112 1103
0 0.355187 0.940383 0.0384963 0.0478968 1116
0 0.259188 0.940555 0.0387403 0.0475121 1117
0 0.466652 0.955228 0.0394178 0.0423315 1120
0 0.567119 0.963621 0.0361237 0.0371099 1122
0 0.653211 0.969131 0.0374795 0.0373069 1124
