0 0.303666 0.156147 0.036588 0.0573779 1
0 0.466992 0.0921397 0.0347854 0.0626823 2
0 0.511639 0.173952 0.0331274 0.0523949 3
0 0.613859 0.184414 0.032465 0.0512766 4
0 0.662097 0.105994 0.0318052 0.0587702 5
0 0.399876 0.155467 0.0359618 0.0577953 6
0 0.573359 0.0999072 0.0319636 0.0571541 7
0 0.745289 0.131136 0.0315346 0.0552086 8
0 0.701808 0.189808 0.0332816 0.0507582 9
0 0.398721 0.040158 0.0357549 0.0550981 10
0 0.302333 0.0356065 0.0365273 0.0550152 11
0 0.61481 0.050903 0.0334178 0.0508648 12
