0 0.303456 0.157341 0.0356831 0.0567762 1
0 0.466728 0.091826 0.0346371 0.0612119 2
0 0.511696 0.173164 0.0331779 0.053149 3
0 0.613682 0.18427 0.0333892 0.0526949 4
0 0.661867 0.107173 0.0319315 0.0598331 5
0 0.399852 0.155274 0.0355639 0.0581902 6
0 0.573701 0.099577 0.0323221 0.0568165 7
0 0.745023 0.131593 0.0316903 0.0563125 8
0 0.702065 0.190257 0.0323865 0.0491398 9
0 0.397997 0.0414377 0.0355375 0.0545164 10
0 0.302063 0.0351328 0.0358296 0.055159 11
0 0.614957 0.050049 0.0323735 0.0488971 12
