0 0.30325 0.156264 0.0369397 0.0580071 1
0 0.466769 0.0919563 0.0355514 0.0627954 2
0 0.511668 0.173956 0.033789 0.0542245 3
0 0.613622 0.184943 0.0342041 0.0541088 4
0 0.661764 0.106092 0.0316429 0.0588909 5
0 0.399797 0.155695 0.0365378 0.0593047 6
0 0.573345 0.0983156 0.0329692 0.0594825 7
0 0.745347 0.13134 0.0307303 0.0541279 8
0 0.702261 0.189447 0.0325726 0.0498576 9
0 0.398402 0.0407876 0.0357701 0.0541974 10
0 0.302449 0.0358366 0.0356442 0.0551594 11
0 0.615315 0.0495657 0.0326598 0.0491589 12
