0 0.3028 0.202765 0.0367339 0.0572258 1
0 0.466992 0.13931 0.0345272 0.0622509 2
0 0.511536 0.221556 0.03393 0.0542545 3
0 0.613503 0.233493 0.032614 0.0510669 4
0 0.661958 0.155433 0.0315716 0.0583884 5
0 0.398892 0.203828 0.0366831 0.0593714 6
0 0.572788 0.146376 0.033696 0.0614294 7
0 0.745753 0.179989 0.0314093 0.0570293 8
0 0.701352 0.238269 0.0328547 0.0490768 9
0 0.399345 0.0877284 0.0369423 0.0540298 10
0 0.303065 0.0820303 0.0376152 0.0550097 11
0 0.615195 0.0997126 0.0326334 0.0501938 12
