0 0.56237 0.819969 0.0334381 0.0572653 1095
0 0.34854 0.791869 0.0358341 0.0590758 1096
0 0.252875 0.77906 0.0383591 0.0622634 1097
0 0.516887 0.870008 0.0337836 0.0587316 1099
0 0.412462 0.854638 0.0343532 0.06174 1100
0 0.604004 0.883723 0.0324848 0.0581073 1101
0 0.682693 0.914168 0.0303312 0.0516792 1103
0 0.340165 0.906322 0.0359153 0.0503318 1116
0 0.24372 0.898761 0.0363253 0.0489237 1117
0 0.450518 0.929899 0.0327407 0.0388504 1120
0 0.550391 0.944407 0.0343571 0.0379841 1122
0 0.635441 0.957693 0.0326209 0.0350789 1124
