0 0.303018 0.200537 0.0366688 0.057222 1
0 0.466745 0.137011 0.0349029 0.0630627 2
0 0.511304 0.218791 0.0325088 0.0517787 3
0 0.613268 0.230774 0.0323683 0.0507047 4
0 0.6619 0.153136 0.0316146 0.0583848 5
0 0.399104 0.199868 0.0369342 0.0597558 6
0 0.57356 0.144959 0.0322 0.0584067 7
0 0.745688 0.176631 0.0321813 0.0583753 8
0 0.701088 0.235599 0.0320438 0.0479724 9
0 0.398696 0.0850724 0.0366781 0.0537505 10
0 0.302289 0.0795821 0.0364997 0.053414 11
0 0.616185 0.0972608 0.0322601 0.0495537 12
0 0.90602 0.82773 0.0332708 0.0635468 881
