0 0.303092 0.1564 0.0357893 0.0565746 1
0 0.466471 0.0925636 0.0346969 0.0633971 2
0 0.512195 0.172498 0.0324562 0.0527046 3
0 0.614198 0.185161 0.0320625 0.0509684 4
0 0.662583 0.10637 0.0318656 0.0590134 5
0 0.399945 0.1555 0.0357053 0.0574043 6
0 0.574005 0.0998022 0.0330262 0.0594262 7
0 0.745302 0.130931 0.0325063 0.0566451 8
0 0.701795 0.190482 0.0336743 0.0502315 9
0 0.398691 0.0404566 0.0347381 0.0523886 10
0 0.302995 0.0359384 0.0367133 0.0562501 11
0 0.616036 0.0491676 0.0323254 0.0499921 12
