0 0.302891 0.156473 0.0369387 0.0590971 1
0 0.467046 0.0917058 0.0352057 0.0625171 2
0 0.51201 0.173602 0.0334193 0.0538689 3
0 0.613615 0.184787 0.0328175 0.051899 4
0 0.661625 0.106667 0.0322151 0.059824 5
0 0.399943 0.155703 0.0365208 0.0594166 6
0 0.57326 0.100264 0.0320618 0.0565248 7
0 0.745392 0.131535 0.0319774 0.0574702 8
0 0.701852 0.19051 0.0333575 0.0504553 9
0 0.398613 0.0408324 0.0361189 0.0548474 10
0 0.30124 0.0362335 0.0363615 0.0567708 11
0 0.614452 0.0499089 0.0333317 0.0506361 12
