0 0.571866 0.819961 0.0324325 0.0564736 1095
0 0.358261 0.803776 0.038025 0.0611413 1096
0 0.261353 0.794486 0.0375469 0.0603935 1097
0 0.527337 0.871444 0.0335488 0.0583561 1099
0 0.422196 0.860007 0.0344181 0.0601492 1100
0 0.614668 0.881594 0.0322656 0.0573035 1101
0 0.69481 0.905994 0.0318165 0.0536758 1103
0 0.35108 0.915926 0.0367689 0.0481438 1116
0 0.254914 0.916162 0.0371786 0.0472616 1117
0 0.46197 0.936666 0.0362771 0.0418378 1120
0 0.562514 0.945915 0.0352511 0.0383074 1122
0 0.64818 0.952699 0.035244 0.0368839 1124
