0 0.303537 0.156202 0.0363248 0.0572841 1
0 0.467314 0.0915863 0.0347894 0.0635564 2
0 0.512378 0.173092 0.0334055 0.0542777 3
0 0.613955 0.185078 0.0327691 0.0522686 4
0 0.662684 0.105432 0.0323545 0.0605387 5
0 0.399688 0.156784 0.0356131 0.0574847 6
0 0.573767 0.0996756 0.0325365 0.0580433 7
0 0.74665 0.13148 0.0335835 0.0576668 8
0 0.702509 0.188858 0.0332538 0.0491849 9
0 0.398894 0.0406983 0.0347989 0.0528082 10
0 0.302829 0.0365513 0.0366733 0.0568139 11
0 0.615249 0.0479147 0.0323477 0.050051 12
