0 0.303442 0.156824 0.0362504 0.055484 1
0 0.468072 0.0914533 0.0363257 0.0652642 2
0 0.512654 0.173577 0.033097 0.0528963 3
0 0.614364 0.184475 0.0317106 0.049791 4
0 0.662712 0.105678 0.0321145 0.0583823 5
0 0.400146 0.15647 0.0353913 0.0580222 6
0 0.573359 0.100296 0.0323952 0.0569671 7
0 0.746055 0.13128 0.0328469 0.057747 8
0 0.702266 0.188029 0.0323397 0.0470628 9
0 0.398868 0.0409941 0.0357454 0.0533814 10
0 0.302482 0.0357433 0.0356871 0.0535727 11
0 0.615608 0.0499975 0.0324227 0.0495458 12
