0 0.303013 0.156399 0.03567 0.0560264 1
0 0.466984 0.0915266 0.0348212 0.0636814 2
0 0.51242 0.172787 0.0321073 0.0517279 3
0 0.613759 0.185046 0.033745 0.053578 4
0 0.662562 0.106186 0.032235 0.0590701 5
0 0.399838 0.15556 0.0350907 0.0567272 6
0 0.573615 0.0989183 0.03267 0.0581059 7
0 0.74594 0.13125 0.0331648 0.0578186 8
0 0.701827 0.191139 0.0330283 0.0498543 9
0 0.398543 0.0401384 0.0352203 0.052841 10
0 0.303149 0.0359283 0.0364353 0.0554143 11
0 0.615648 0.0493396 0.0314294 0.0490851 12
