0 0.559958 0.828028 0.0330007 0.0568737 1095
0 0.347003 0.798308 0.0361677 0.0598082 1096
0 0.251397 0.78472 0.0386363 0.0633942 1097
0 0.514848 0.878372 0.0341617 0.0597921 1099
0 0.410051 0.860997 0.0341542 0.0607182 1100
0 0.600852 0.891922 0.0324883 0.0586538 1101
0 0.679762 0.923812 0.0320443 0.0550496 1103
0 0.338036 0.911964 0.0368374 0.0510897 1116
0 0.241273 0.903844 0.0364655 0.0492978 1117
0 0.448725 0.936428 0.0333775 0.0390563 1120
0 0.547092 0.95235 0.0334265 0.0363508 1122
0 0.632422 0.96631 0.0343516 0.0363885 1124
