0 0.303537 0.157234 0.0356046 0.0566344 1
0 0.466692 0.0923585 0.0348463 0.062513 2
0 0.511845 0.17426 0.0329987 0.0529064 3
0 0.613644 0.184386 0.0333448 0.0528139 4
0 0.661801 0.1066 0.0315928 0.0589667 5
0 0.399892 0.155745 0.0357494 0.0580205 6
0 0.573461 0.100204 0.0323816 0.0575984 7
0 0.745185 0.131391 0.0320018 0.0574947 8
0 0.70234 0.189309 0.0325226 0.0490744 9
0 0.398291 0.0414659 0.0360369 0.054433 10
0 0.302311 0.0350127 0.0352403 0.0549074 11
0 0.615183 0.0506976 0.0324625 0.0490487 12
