0 0.303796 0.156105 0.0367457 0.0587076 1
0 0.466812 0.0916158 0.0357626 0.0634245 2
0 0.51146 0.173437 0.0331391 0.0529808 3
0 0.613571 0.184507 0.0333669 0.0531249 4
0 0.662154 0.106439 0.031961 0.0593674 5
0 0.399508 0.155374 0.0359436 0.0585872 6
0 0.573551 0.0998218 0.0322596 0.0562925 7
0 0.744844 0.130234 0.0314476 0.056476 8
0 0.701865 0.190328 0.0337017 0.0511658 9
0 0.398276 0.0409789 0.0349176 0.0536418 10
0 0.301988 0.0363454 0.0358515 0.055449 11
0 0.615014 0.0499261 0.0332032 0.0509516 12
