0 0.303626 0.156612 0.0367919 0.0586377 1
0 0.467397 0.0928312 0.0348389 0.0629549 2
0 0.512014 0.174295 0.0328016 0.0531578 3
0 0.613906 0.18486 0.0334543 0.0530219 4
0 0.662617 0.105687 0.031856 0.0595564 5
0 0.400289 0.15487 0.0358967 0.0590668 6
0 0.57419 0.0993403 0.0327553 0.0583911 7
0 0.7455 0.130992 0.0319597 0.0580622 8
0 0.702212 0.189481 0.0334028 0.0494589 9
0 0.398814 0.041047 0.0361772 0.0545854 10
0 0.302646 0.0365305 0.0373619 0.0577522 11
0 0.61546 0.0505165 0.0335969 0.0507144 12
