0 0.303181 0.156869 0.0364046 0.0580688 1
0 0.466607 0.0921925 0.0344391 0.0607682 2
0 0.511803 0.173244 0.0334251 0.0535579 3
0 0.613637 0.18429 0.033198 0.0525989 4
0 0.662142 0.106875 0.0324036 0.0602758 5
0 0.400151 0.155597 0.0359555 0.058838 6
0 0.573518 0.0998704 0.0321995 0.0564492 7
0 0.74515 0.131172 0.031533 0.0567984 8
0 0.701979 0.190136 0.032665 0.0495308 9
0 0.397881 0.0411514 0.0357827 0.0551333 10
0 0.302335 0.0356585 0.0361388 0.0556055 11
0 0.614962 0.0500112 0.0319788 0.0485669 12
