0 0.303734 0.156495 0.0355471 0.0559432 1
0 0.46736 0.0928445 0.0347411 0.0624631 2
0 0.512598 0.173113 0.0329249 0.0525044 3
0 0.614168 0.184198 0.031958 0.050009 4
0 0.662615 0.105751 0.0321735 0.0597179 5
0 0.399916 0.155656 0.035518 0.0578659 6
0 0.57386 0.101081 0.0335644 0.0596331 7
0 0.745001 0.130944 0.0328055 0.0579395 8
0 0.702056 0.190343 0.0331326 0.0514185 9
0 0.398772 0.0401616 0.0348813 0.0518867 10
0 0.301886 0.0370742 0.0355737 0.0557039 11
0 0.615835 0.0493817 0.0318458 0.0493194 12
0 0.352167 0.106704 0.0250543 0.0481448 120
