0 0.570634 0.81579 0.0318892 0.0548525 1095
0 0.356311 0.797493 0.0373071 0.0605268 1096
0 0.260593 0.7877 0.0385237 0.0620037 1097
0 0.525713 0.86763 0.0348151 0.0613081 1099
0 0.421232 0.856686 0.03526 0.061679 1100
0 0.612471 0.878684 0.0324049 0.0577722 1101
0 0.692662 0.904351 0.0314976 0.0540849 1103
0 0.349732 0.911456 0.0376827 0.0507624 1116
0 0.253717 0.90865 0.0383138 0.0501372 1117
0 0.460499 0.929835 0.0349654 0.0409806 1120
0 0.560328 0.943244 0.0361717 0.0400129 1122
0 0.646271 0.950857 0.0345435 0.0365294 1124
