0 0.303311 0.155818 0.0372977 0.0584246 1
0 0.467199 0.0927178 0.0352021 0.0619911 2
0 0.511523 0.174242 0.0327096 0.0527312 3
0 0.613636 0.18468 0.0332296 0.0521659 4
0 0.661884 0.105615 0.0315513 0.0578718 5
0 0.399705 0.155002 0.0359116 0.0581706 6
0 0.573134 0.100112 0.0326766 0.0584939 7
0 0.744838 0.130874 0.0310182 0.0537377 8
0 0.701744 0.189269 0.0331186 0.0509187 9
0 0.398143 0.0398206 0.0355333 0.0542357 10
0 0.302396 0.0371162 0.0370529 0.0558998 11
0 0.615262 0.049767 0.0336909 0.0513878 12
