0 0.303187 0.156989 0.0367121 0.0578439 1
0 0.467109 0.091856 0.0348998 0.0616153 2
0 0.511967 0.173372 0.0335068 0.0536886 3
0 0.613656 0.184739 0.0328246 0.0517662 4
0 0.662039 0.106473 0.0322747 0.0599527 5
0 0.399693 0.156009 0.0359587 0.0584909 6
0 0.573582 0.0991318 0.0325856 0.0576756 7
0 0.74515 0.130935 0.0317735 0.0565446 8
0 0.702058 0.189964 0.0325646 0.0484378 9
0 0.398041 0.040978 0.0356505 0.0549561 10
0 0.3028 0.0365619 0.0369825 0.0571516 11
0 0.614321 0.0496783 0.0324525 0.0486973 12
0 0.351241 0.100085 0.0270343 0.0508478 592
