0 0.569034 0.813422 0.0325651 0.0555608 1095
0 0.35502 0.793617 0.0375489 0.0615868 1096
0 0.259526 0.782648 0.0377914 0.0606298 1097
0 0.524644 0.864525 0.0352435 0.0625724 1099
0 0.419138 0.85318 0.0356778 0.0635317 1100
0 0.611255 0.875709 0.0327404 0.0586988 1101
0 0.691236 0.903523 0.0318526 0.0552865 1103
0 0.34816 0.90778 0.0374864 0.0517989 1116
0 0.252158 0.903134 0.0367113 0.0483068 1117
0 0.459372 0.927671 0.0360719 0.04275 1120
0 0.558761 0.940425 0.0337926 0.0374108 1122
0 0.643713 0.949366 0.0340327 0.0361827 1124
