0 0.303531 0.157012 0.0376639 0.0589428 1
0 0.467483 0.0921417 0.035478 0.0639245 2
0 0.51195 0.17439 0.0331688 0.0536269 3
0 0.614073 0.184119 0.0329703 0.0521559 4
0 0.662371 0.105806 0.0326317 0.0601045 5
0 0.399564 0.155946 0.0368146 0.0596438 6
0 0.573519 0.100089 0.0325646 0.0573082 7
0 0.745141 0.13042 0.031415 0.0548289 8
0 0.702707 0.19008 0.0330936 0.0504387 9
0 0.398403 0.0400347 0.0354307 0.052764 10
0 0.302281 0.03575 0.0358987 0.0558165 11
0 0.615765 0.0506302 0.0326675 0.0497932 12
