0 0.303176 0.157664 0.0346707 0.0550462 1
0 0.466453 0.0916058 0.0338342 0.0597765 2
0 0.512163 0.172617 0.0326796 0.0519633 3
0 0.613941 0.184587 0.0325926 0.0512572 4
0 0.66231 0.106471 0.0318957 0.0598794 5
0 0.39987 0.156466 0.0348129 0.0567866 6
0 0.573784 0.0995413 0.0324222 0.0568421 7
0 0.744913 0.130429 0.0317055 0.0566203 8
0 0.702093 0.190041 0.0331031 0.0502344 9
0 0.398134 0.0405689 0.0346348 0.0528812 10
0 0.302783 0.0363013 0.036453 0.0560214 11
0 0.615888 0.051491 0.032635 0.0491888 12
