0 0.30316 0.15725 0.035616 0.0558606 1
0 0.467325 0.0908884 0.0341984 0.0623651 2
0 0.512392 0.173026 0.0326268 0.0524357 3
0 0.613808 0.185085 0.0330325 0.0523049 4
0 0.662553 0.106019 0.0327668 0.0603134 5
0 0.39998 0.155081 0.03579 0.0580793 6
0 0.573779 0.0995328 0.0328557 0.0583389 7
0 0.745631 0.131923 0.033374 0.0584481 8
0 0.701655 0.190865 0.0332167 0.0502393 9
0 0.39881 0.0400601 0.0351815 0.0528056 10
0 0.302416 0.0361403 0.0363911 0.0555516 11
0 0.615627 0.0503664 0.0304358 0.0473905 12
