0 0.303469 0.156212 0.0374543 0.0578853 1
0 0.467277 0.0921284 0.0355784 0.0629633 2
0 0.511526 0.173759 0.0324405 0.0519432 3
0 0.613726 0.184853 0.0335062 0.0521707 4
0 0.662667 0.105695 0.031549 0.058565 5
0 0.39975 0.155788 0.0363598 0.059918 6
0 0.574028 0.0992085 0.0318181 0.0566904 7
0 0.745514 0.131141 0.0312703 0.0563893 8
0 0.702111 0.189204 0.0325289 0.0501468 9
0 0.398828 0.0408018 0.0364251 0.0547907 10
0 0.303107 0.0357334 0.0374932 0.0566265 11
0 0.6156 0.0501463 0.0334996 0.0511422 12
