0 0.30364 0.157147 0.036516 0.0577769 1
0 0.467167 0.0919117 0.0348411 0.0632033 2
0 0.512182 0.173884 0.0329784 0.0536458 3
0 0.614032 0.184776 0.0326619 0.0516056 4
0 0.662391 0.107198 0.0320223 0.0600821 5
0 0.400138 0.155304 0.0354924 0.0584005 6
0 0.573739 0.0995154 0.0327446 0.0582632 7
0 0.745338 0.130934 0.0319006 0.0574207 8
0 0.702164 0.189632 0.0324136 0.0481781 9
0 0.398158 0.0407973 0.0361135 0.0545359 10
0 0.302733 0.0354856 0.0362832 0.055296 11
0 0.615812 0.0498309 0.0338456 0.0508085 12
