0 0.56288 0.818005 0.0337518 0.0574933 1095
0 0.348861 0.790204 0.0360453 0.0590997 1096
0 0.253859 0.77755 0.0384325 0.0623357 1097
0 0.517373 0.867468 0.0337848 0.0592281 1099
0 0.413004 0.853308 0.034457 0.0620043 1100
0 0.604793 0.881776 0.0328922 0.0585658 1101
0 0.683468 0.911372 0.0296735 0.05045 1103
0 0.341227 0.904308 0.0365461 0.051369 1116
0 0.244693 0.896983 0.0361444 0.0490791 1117
0 0.451635 0.927834 0.0348651 0.0421898 1120
0 0.550885 0.942651 0.0337456 0.0370819 1122
0 0.636262 0.954409 0.0332658 0.0358571 1124
