0 0.303001 0.155584 0.036304 0.0557631 1
0 0.466816 0.0915276 0.0354872 0.0628396 2
0 0.511856 0.173916 0.0334612 0.0526428 3
0 0.613914 0.185276 0.0340507 0.0535237 4
0 0.662169 0.106256 0.0318222 0.0583084 5
0 0.399489 0.1559 0.0365902 0.0597702 6
0 0.573598 0.0997808 0.0329081 0.0586137 7
0 0.745356 0.130567 0.0315782 0.0568513 8
0 0.702313 0.189886 0.0340021 0.0514851 9
0 0.398739 0.0398085 0.0359254 0.0525089 10
0 0.302483 0.0361502 0.0367618 0.0557352 11
0 0.615225 0.0499906 0.0331822 0.050334 12
