0 0.303538 0.156013 0.0363308 0.0578032 1
0 0.466816 0.0918312 0.0348217 0.0614808 2
0 0.51118 0.173639 0.0336798 0.0537867 3
0 0.613595 0.184843 0.0332816 0.052484 4
0 0.662085 0.106959 0.032315 0.0608553 5
0 0.399908 0.154821 0.0356936 0.0584474 6
0 0.573604 0.0994734 0.0319294 0.0559137 7
0 0.744722 0.131085 0.0316009 0.0565269 8
0 0.702267 0.190516 0.0333773 0.0507286 9
0 0.398448 0.0405245 0.0345756 0.0525547 10
0 0.302415 0.0361428 0.0354065 0.0543561 11
0 0.615214 0.0498105 0.0333134 0.0505282 12
