0 0.303329 0.156796 0.0365926 0.0558758 1
0 0.466798 0.0914497 0.0353957 0.0637323 2
0 0.512604 0.17282 0.0333914 0.0527548 3
0 0.614418 0.184731 0.0324025 0.0504711 4
0 0.662239 0.106145 0.0317805 0.059103 5
0 0.399909 0.156217 0.0354109 0.057658 6
0 0.573604 0.100067 0.0326541 0.0583763 7
0 0.745556 0.13146 0.0319355 0.0569164 8
0 0.701792 0.189868 0.0328809 0.0503044 9
0 0.398596 0.0399687 0.0355336 0.0525866 10
0 0.302935 0.0364726 0.0370924 0.0556815 11
0 0.616265 0.0512024 0.032109 0.0480438 12
0 0.337929 0.10136 0.0387749 0.0612051 592
