0 0.303384 0.156652 0.0362805 0.0579806 1
0 0.466738 0.0918784 0.034684 0.061509 2
0 0.511722 0.173027 0.0333517 0.0534026 3
0 0.613637 0.184656 0.0333197 0.0530378 4
0 0.662112 0.106889 0.032313 0.0601353 5
0 0.399851 0.155549 0.0359061 0.0585119 6
0 0.573344 0.099568 0.0321249 0.0561742 7
0 0.744569 0.131085 0.0313022 0.0562725 8
0 0.701981 0.189889 0.0326797 0.049487 9
0 0.39786 0.041394 0.0354772 0.0546129 10
0 0.302232 0.0357349 0.0363146 0.0561123 11
0 0.614751 0.0499376 0.032409 0.049596 12
