0 0.303185 0.156633 0.0364809 0.0580388 1
0 0.466835 0.0921482 0.0346041 0.0613663 2
0 0.511897 0.173158 0.0331411 0.0531443 3
0 0.613626 0.184458 0.0331524 0.0526401 4
0 0.662107 0.106892 0.0318758 0.0590975 5
0 0.399974 0.155806 0.0355509 0.0578679 6
0 0.573435 0.0997944 0.0323062 0.0570215 7
0 0.744821 0.13136 0.0306869 0.0549239 8
0 0.701862 0.190286 0.032427 0.04918 9
0 0.398323 0.0415724 0.0363606 0.0547783 10
0 0.301718 0.0358355 0.0348733 0.0543477 11
0 0.61457 0.050367 0.0323126 0.0483404 12
