0 0.303477 0.155581 0.0365044 0.0582943 1
0 0.466911 0.0920637 0.0356564 0.0630751 2
0 0.511642 0.173439 0.033247 0.0533354 3
0 0.613286 0.184486 0.033509 0.053296 4
0 0.662082 0.106982 0.0318947 0.0591228 5
0 0.399936 0.15559 0.0368124 0.0600733 6
0 0.573641 0.100465 0.0321356 0.05616 7
0 0.744776 0.129761 0.0310897 0.0559737 8
0 0.701827 0.190696 0.033461 0.0508374 9
0 0.398012 0.0408774 0.0351107 0.0539615 10
0 0.302294 0.0367911 0.0355695 0.0547842 11
0 0.615178 0.049178 0.0327563 0.0501381 12
