0 0.303539 0.156552 0.0366111 0.0572693 1
0 0.467511 0.0916033 0.0344577 0.062853 2
0 0.512576 0.173035 0.0334377 0.0542575 3
0 0.614075 0.184877 0.0327464 0.0518444 4
0 0.66288 0.106221 0.0320634 0.0603043 5
0 0.399722 0.156688 0.0352541 0.0575466 6
0 0.57363 0.0999921 0.032882 0.0581402 7
0 0.746591 0.131118 0.0339431 0.0585047 8
0 0.702442 0.18812 0.0327951 0.0486981 9
0 0.3987 0.0407863 0.0345792 0.0525931 10
0 0.302654 0.0367336 0.0371211 0.0573637 11
0 0.615468 0.0480163 0.0321884 0.0503688 12
