0 0.303744 0.155958 0.0363633 0.0578483 1
0 0.46707 0.0916995 0.0352046 0.0620705 2
0 0.51157 0.173685 0.0332867 0.0532455 3
0 0.613559 0.184659 0.0333241 0.0527459 4
0 0.661944 0.106537 0.0327084 0.0610095 5
0 0.399965 0.155378 0.0366127 0.0602691 6
0 0.57326 0.0998139 0.0319317 0.0558848 7
0 0.744908 0.130596 0.0307912 0.0552423 8
0 0.70197 0.190717 0.0339086 0.0515905 9
0 0.398247 0.0405338 0.034954 0.0535835 10
0 0.302355 0.0359835 0.0362127 0.0556432 11
0 0.615261 0.0501744 0.0326514 0.0495002 12
