0 0.303522 0.156146 0.0367281 0.0563431 1
0 0.466881 0.0918322 0.0357352 0.0631694 2
0 0.511685 0.173629 0.0332585 0.0529808 3
0 0.613796 0.185125 0.0333171 0.0521891 4
0 0.662557 0.105875 0.0319737 0.058959 5
0 0.399714 0.15549 0.0360875 0.0590691 6
0 0.573922 0.0998393 0.0328026 0.0584679 7
0 0.745363 0.131056 0.0308151 0.0553496 8
0 0.702285 0.189992 0.0340465 0.0511001 9
0 0.398671 0.0401456 0.0361561 0.0529193 10
0 0.302711 0.0354498 0.036828 0.0558657 11
0 0.615131 0.0500813 0.0327752 0.0495909 12
