0 0.303016 0.156761 0.0353208 0.0554019 1
0 0.467123 0.0926187 0.0345065 0.061551 2
0 0.512024 0.173961 0.033321 0.054075 3
0 0.613955 0.184658 0.0320263 0.0508836 4
0 0.662093 0.106554 0.0320617 0.0593125 5
0 0.399809 0.156243 0.0355467 0.0581671 6
0 0.573574 0.0998241 0.0324347 0.0573672 7
0 0.745273 0.130862 0.0309212 0.0560245 8
0 0.702067 0.188877 0.0326334 0.0487552 9
0 0.398362 0.0398495 0.0347101 0.0522631 10
0 0.302758 0.0368721 0.0362921 0.0555946 11
0 0.616053 0.049562 0.0319572 0.048047 12
