0 0.303243 0.180225 0.0367157 0.0571299 1
0 0.467348 0.116918 0.0346671 0.0622264 2
0 0.512334 0.198312 0.0315838 0.0506197 3
0 0.613675 0.211055 0.03316 0.0519623 4
0 0.661978 0.131243 0.0327594 0.0605932 5
0 0.39991 0.17931 0.0364998 0.0592568 6
0 0.574098 0.124006 0.0329747 0.0592737 7
0 0.745511 0.155533 0.0316678 0.0575328 8
0 0.70221 0.215212 0.0332356 0.0499543 9
0 0.397929 0.0636535 0.0346156 0.0507514 10
0 0.302181 0.0579639 0.0351397 0.052985 11
0 0.616246 0.0751668 0.032985 0.0505735 12
