0 0.303059 0.156489 0.0362755 0.0562945 1
0 0.467305 0.0921891 0.0347536 0.061682 2
0 0.512403 0.173971 0.0331718 0.0526117 3
0 0.613508 0.18499 0.0330637 0.0523605 4
0 0.662527 0.106681 0.0325758 0.0607018 5
0 0.399801 0.155609 0.0355573 0.057347 6
0 0.573556 0.099449 0.0322278 0.0577589 7
0 0.745147 0.131222 0.0313651 0.0545112 8
0 0.701918 0.18881 0.0328202 0.0493097 9
0 0.398659 0.0404378 0.0351472 0.0521784 10
0 0.302311 0.0362939 0.0356426 0.0536164 11
0 0.615856 0.0506399 0.0321983 0.0499387 12
