0 0.30377 0.156577 0.0370075 0.0579076 1
0 0.467198 0.0915924 0.0350733 0.0626822 2
0 0.511722 0.174238 0.0331802 0.0537658 3
0 0.613717 0.183978 0.0332258 0.0530216 4
0 0.661858 0.105781 0.0320413 0.0588205 5
0 0.399419 0.156343 0.0366997 0.0603107 6
0 0.573771 0.100274 0.0323457 0.0571656 7
0 0.74548 0.130747 0.031719 0.0571061 8
0 0.70217 0.190128 0.0334281 0.0498257 9
0 0.398668 0.0396231 0.0356114 0.0529829 10
0 0.302826 0.0361481 0.0367244 0.0559867 11
0 0.615305 0.0493331 0.0332677 0.0504632 12
