0 0.303161 0.157229 0.0365463 0.0570838 1
0 0.466874 0.0908853 0.0364441 0.0648211 2
0 0.512332 0.173727 0.0327827 0.0527315 3
0 0.613576 0.184659 0.0323147 0.0509332 4
0 0.661896 0.104764 0.0333956 0.061652 5
0 0.399566 0.156412 0.035201 0.056829 6
0 0.573318 0.100839 0.0323884 0.0582752 7
0 0.745167 0.130461 0.0323413 0.0569061 8
0 0.701715 0.188904 0.0317979 0.0494274 9
0 0.398182 0.0402324 0.0352851 0.0536586 10
0 0.302115 0.0364819 0.036097 0.0543923 11
0 0.615446 0.0503914 0.0320035 0.0495586 12
