0 0.303052 0.156619 0.035869 0.0563242 1
0 0.467142 0.0925696 0.0350229 0.0615659 2
0 0.511964 0.173745 0.0333145 0.0532662 3
0 0.613602 0.184252 0.0329235 0.0518322 4
0 0.662139 0.106954 0.0314265 0.0585986 5
0 0.399526 0.156212 0.0358291 0.058214 6
0 0.573424 0.0994512 0.0321521 0.0577142 7
0 0.745368 0.132009 0.0323589 0.0571381 8
0 0.701828 0.189371 0.0327418 0.0502371 9
0 0.398064 0.0397794 0.0352083 0.0535198 10
0 0.30267 0.0357133 0.0356318 0.0551275 11
0 0.615399 0.050768 0.0324588 0.0488969 12
0 0.349168 0.0966102 0.0302958 0.0581948 592
