0 0.303056 0.156862 0.0373028 0.0582827 1
0 0.467258 0.0916092 0.034772 0.0624072 2
0 0.511936 0.173562 0.0330684 0.05348 3
0 0.613898 0.184512 0.0335368 0.0530384 4
0 0.662006 0.106629 0.0316187 0.0582774 5
0 0.399768 0.155043 0.0360672 0.0582351 6
0 0.57352 0.099445 0.0327001 0.0572827 7
0 0.744835 0.130712 0.0319662 0.0555401 8
0 0.701884 0.188989 0.033111 0.0512049 9
0 0.399031 0.0397173 0.036303 0.0555807 10
0 0.302306 0.0360217 0.0365606 0.0553047 11
0 0.614854 0.0501714 0.0317717 0.0492114 12
