0 0.303567 0.157015 0.0357357 0.0567916 1
0 0.466841 0.0921959 0.0341398 0.0602245 2
0 0.511532 0.173347 0.0332198 0.0530964 3
0 0.613666 0.184527 0.0332568 0.0523444 4
0 0.66192 0.106985 0.0323642 0.0610296 5
0 0.399905 0.155069 0.0352989 0.0576184 6
0 0.573445 0.0991828 0.0321447 0.0564218 7
0 0.744989 0.131232 0.0317911 0.0568906 8
0 0.702143 0.190613 0.0323927 0.0491753 9
0 0.397929 0.0411341 0.0353343 0.0538524 10
0 0.302011 0.0352309 0.0353468 0.0542773 11
0 0.614634 0.0503092 0.0317323 0.0480273 12
