0 0.303036 0.157035 0.0365197 0.0583492 1
0 0.466863 0.0925322 0.0354703 0.0629961 2
0 0.512079 0.173546 0.0329697 0.0530635 3
0 0.613716 0.184655 0.0327521 0.0517834 4
0 0.661743 0.106917 0.0321677 0.0598408 5
0 0.400087 0.156706 0.0363589 0.0589276 6
0 0.573198 0.0996523 0.0319407 0.0562839 7
0 0.745695 0.132381 0.0325154 0.0584147 8
0 0.701857 0.190338 0.0336353 0.0509354 9
0 0.39869 0.0403005 0.0354204 0.0536212 10
0 0.301588 0.0356949 0.0357734 0.0556457 11
0 0.614883 0.0507351 0.0332803 0.0503332 12
