0 0.303478 0.156755 0.0367232 0.058572 1
0 0.466605 0.0923799 0.0350364 0.0617998 2
0 0.511674 0.174035 0.0333397 0.0533407 3
0 0.613462 0.18432 0.0333899 0.0529689 4
0 0.662212 0.106313 0.0320885 0.0595729 5
0 0.400236 0.155676 0.0365339 0.0598672 6
0 0.573876 0.10008 0.031918 0.0558234 7
0 0.745103 0.129713 0.0313804 0.0566003 8
0 0.702002 0.191131 0.0336543 0.0511131 9
0 0.398369 0.0403121 0.0357386 0.0549632 10
0 0.302371 0.0363245 0.0361195 0.0556167 11
0 0.615252 0.0509734 0.0322869 0.0491355 12
