0 0.303498 0.15595 0.0370734 0.0585299 1
0 0.46709 0.091616 0.0354261 0.0632525 2
0 0.51143 0.173354 0.0326031 0.0526485 3
0 0.613512 0.185096 0.0333303 0.0521219 4
0 0.662109 0.106163 0.0318439 0.0585132 5
0 0.400105 0.154328 0.0358341 0.0585412 6
0 0.573128 0.101012 0.0315976 0.0560338 7
0 0.745448 0.131082 0.0316288 0.055205 8
0 0.702212 0.190248 0.0328133 0.0510059 9
0 0.398236 0.0398642 0.0354065 0.0550328 10
0 0.302722 0.0364731 0.0376029 0.0573311 11
0 0.615104 0.0499251 0.0338954 0.0513425 12
