0 0.303108 0.156402 0.0361704 0.0565782 1
0 0.466899 0.0927285 0.0345276 0.0616851 2
0 0.512143 0.173423 0.0340214 0.0538316 3
0 0.613865 0.184268 0.032362 0.0509504 4
0 0.661728 0.105723 0.0321607 0.0596321 5
0 0.399849 0.155787 0.0355633 0.0569185 6
0 0.573196 0.101431 0.0324318 0.0579518 7
0 0.745369 0.130539 0.0317151 0.0551739 8
0 0.701675 0.189655 0.0332878 0.0505358 9
0 0.399063 0.0407881 0.0351677 0.0535888 10
0 0.303031 0.0358067 0.0362407 0.0539568 11
0 0.614625 0.0494619 0.0331871 0.0506763 12
