0 0.303496 0.156783 0.0361689 0.0564132 1
0 0.4674 0.0923186 0.0352354 0.061938 2
0 0.512383 0.173473 0.0329775 0.0537685 3
0 0.614098 0.184883 0.0327797 0.0513002 4
0 0.662136 0.106147 0.0318225 0.0590593 5
0 0.399601 0.15628 0.035601 0.0575582 6
0 0.573712 0.0989486 0.0331455 0.0587658 7
0 0.74519 0.131306 0.0325662 0.0585818 8
0 0.702129 0.189409 0.0333455 0.0514836 9
0 0.39829 0.0401899 0.034681 0.0526738 10
0 0.301832 0.0365636 0.0358481 0.0563234 11
0 0.615751 0.0497101 0.0321811 0.0494789 12
0 0.345412 0.113051 0.0308115 0.0517669 592
