0 0.303228 0.156843 0.0366731 0.0577753 1
0 0.466725 0.0923411 0.0347482 0.0609494 2
0 0.511804 0.173174 0.0331369 0.0531888 3
0 0.61354 0.184583 0.0330678 0.0523109 4
0 0.661914 0.106565 0.0318002 0.0590517 5
0 0.399802 0.156221 0.0356325 0.0580729 6
0 0.573647 0.0990636 0.0325566 0.0579938 7
0 0.745941 0.131147 0.0321983 0.0575533 8
0 0.701976 0.189074 0.0328014 0.0494233 9
0 0.397897 0.0397133 0.0351704 0.0536101 10
0 0.302393 0.0367771 0.0359078 0.056014 11
0 0.614373 0.049787 0.0317928 0.0480018 12
0 0.352983 0.0955399 0.0266154 0.0500898 592
