0 0.303607 0.155918 0.0376839 0.0578562 1
0 0.467266 0.0919426 0.0342868 0.060904 2
0 0.511941 0.174512 0.0329666 0.0524419 3
0 0.614105 0.185059 0.0338117 0.0529161 4
0 0.66308 0.105439 0.0312224 0.05801 5
0 0.399841 0.155475 0.0363276 0.0593467 6
0 0.574017 0.0991364 0.0318226 0.0568813 7
0 0.745386 0.131338 0.0312423 0.0554312 8
0 0.702213 0.189919 0.0324827 0.0496591 9
0 0.398796 0.0413011 0.0354578 0.0528449 10
0 0.302515 0.0358183 0.036862 0.0553839 11
0 0.615507 0.0498281 0.0328693 0.0497873 12
