0 0.303146 0.157185 0.0359254 0.0553821 1
0 0.466753 0.091094 0.0355191 0.0638429 2
0 0.512532 0.173347 0.0329013 0.0532114 3
0 0.61445 0.185089 0.0326248 0.0509717 4
0 0.662566 0.10625 0.0315494 0.0591351 5
0 0.400041 0.156668 0.0355715 0.0580217 6
0 0.573733 0.100102 0.0324484 0.0579688 7
0 0.746085 0.131425 0.0330608 0.0582041 8
0 0.701545 0.189104 0.0319674 0.0483873 9
0 0.399204 0.0402342 0.0363935 0.0539519 10
0 0.30214 0.0362797 0.0362283 0.0556747 11
0 0.615966 0.0498323 0.033035 0.0498914 12
0 0.904648 0.823848 0.0302578 0.0558478 556
