0 0.303253 0.156645 0.0365962 0.0580092 1
0 0.466917 0.0911551 0.0346455 0.0614241 2
0 0.512275 0.173996 0.0317729 0.0509089 3
0 0.613805 0.184233 0.032529 0.0512814 4
0 0.661785 0.106206 0.0320385 0.059714 5
0 0.399823 0.156375 0.0356066 0.0580306 6
0 0.573578 0.099234 0.0320339 0.0566182 7
0 0.745659 0.131212 0.0311815 0.0558844 8
0 0.701441 0.189611 0.0329042 0.04985 9
0 0.398512 0.0405047 0.0343667 0.052019 10
0 0.301796 0.0356921 0.0352886 0.0548905 11
0 0.615143 0.050533 0.0322073 0.0484879 12
