0 0.303518 0.156052 0.0362077 0.0572679 1
0 0.467035 0.0918296 0.035078 0.0624484 2
0 0.51155 0.174326 0.0334647 0.0539078 3
0 0.613564 0.185149 0.0337826 0.0538807 4
0 0.662001 0.106338 0.0320928 0.059393 5
0 0.40013 0.155979 0.0366933 0.0596877 6
0 0.573934 0.0989425 0.0323687 0.0578852 7
0 0.74499 0.131852 0.031538 0.0571933 8
0 0.701859 0.189654 0.0334954 0.0502273 9
0 0.398735 0.0408393 0.0357874 0.0537084 10
0 0.302823 0.0355916 0.0358844 0.0551813 11
0 0.615314 0.0498276 0.0335364 0.0508017 12
