0 0.30352 0.156407 0.0373463 0.0592041 1
0 0.467025 0.0920401 0.0346651 0.0612617 2
0 0.511751 0.173967 0.0324957 0.0522575 3
0 0.613249 0.18473 0.0332244 0.0525538 4
0 0.662042 0.106486 0.0320184 0.0593738 5
0 0.399717 0.155261 0.0359852 0.0586787 6
0 0.573483 0.0994275 0.0326693 0.0583426 7
0 0.745329 0.131413 0.0313891 0.0561805 8
0 0.70174 0.190223 0.0327901 0.0493143 9
0 0.398042 0.0406424 0.0351647 0.0542113 10
0 0.301611 0.0372896 0.0364075 0.0566775 11
0 0.615196 0.0506031 0.0331765 0.0502797 12
