0 0.303117 0.156908 0.0358986 0.0567579 1
0 0.466876 0.0928628 0.0350189 0.0629829 2
0 0.511621 0.173182 0.0325781 0.0520594 3
0 0.614003 0.185139 0.0322742 0.0510498 4
0 0.661984 0.105729 0.0319381 0.0593275 5
0 0.399904 0.155388 0.035379 0.0573094 6
0 0.573557 0.100283 0.0320471 0.0568494 7
0 0.745182 0.131915 0.0319994 0.0563059 8
0 0.701656 0.189279 0.0315282 0.0485581 9
0 0.398188 0.0405228 0.0346205 0.0537893 10
0 0.302057 0.035956 0.0360555 0.0544118 11
0 0.61451 0.0496482 0.0322105 0.049298 12
