0 0.303441 0.156215 0.036967 0.0588123 1
0 0.467262 0.0919756 0.0361693 0.0631749 2
0 0.511998 0.173713 0.032437 0.0523383 3
0 0.613665 0.184219 0.0331944 0.0524043 4
0 0.662108 0.106188 0.0314513 0.0586887 5
0 0.399748 0.155662 0.0369009 0.0602891 6
0 0.57361 0.0990707 0.0331007 0.0595869 7
0 0.745719 0.130553 0.0313143 0.0558443 8
0 0.702251 0.190479 0.0324218 0.0492485 9
0 0.398941 0.0415907 0.0355158 0.0540902 10
0 0.302808 0.0368407 0.0364936 0.0574405 11
0 0.61561 0.0489066 0.0323518 0.0497617 12
