0 0.303988 0.156449 0.037007 0.0581847 1
0 0.467204 0.0920062 0.0350056 0.0624654 2
0 0.511812 0.173931 0.0329852 0.0535674 3
0 0.613566 0.184406 0.0334244 0.0535893 4
0 0.662175 0.10646 0.0324899 0.0599379 5
0 0.399912 0.156038 0.0365515 0.059774 6
0 0.573815 0.0999278 0.0322666 0.057002 7
0 0.744844 0.130999 0.0321657 0.0587605 8
0 0.701989 0.190138 0.0337506 0.0504257 9
0 0.399197 0.0398246 0.0358331 0.0538716 10
0 0.303037 0.0352697 0.0364477 0.0556225 11
0 0.615449 0.0486548 0.0330888 0.0497867 12
