0 0.303022 0.157138 0.0359174 0.0567802 1
0 0.467432 0.0919841 0.0349925 0.0620627 2
0 0.51207 0.174105 0.0332599 0.0534747 3
0 0.613592 0.184812 0.0335723 0.0525256 4
0 0.662141 0.105946 0.032583 0.059578 5
0 0.399755 0.156101 0.035328 0.0569036 6
0 0.573435 0.100959 0.033262 0.0582357 7
0 0.745649 0.130882 0.0320891 0.0553816 8
0 0.701848 0.189508 0.032158 0.0498482 9
0 0.397808 0.0397205 0.0340287 0.0523046 10
0 0.301703 0.0364735 0.0356453 0.0539391 11
0 0.615553 0.0496859 0.0332378 0.0496922 12
