0 0.303265 0.155897 0.0367504 0.0578746 1
0 0.467064 0.0915701 0.0351678 0.0620815 2
0 0.511585 0.173796 0.0324551 0.0522669 3
0 0.613569 0.185054 0.0335284 0.0526949 4
0 0.662239 0.105689 0.0320005 0.0589408 5
0 0.399188 0.155162 0.0362157 0.0587779 6
0 0.573362 0.0994067 0.0330191 0.058761 7
0 0.744525 0.131014 0.0307303 0.0531674 8
0 0.701907 0.190012 0.0327786 0.0496808 9
0 0.39814 0.0398386 0.0353032 0.0540291 10
0 0.301654 0.0363246 0.0352344 0.0532389 11
0 0.615144 0.048797 0.0327563 0.0494334 12
