0 0.30337 0.15596 0.0370392 0.0579732 1
0 0.466824 0.09164 0.0354414 0.0627006 2
0 0.511966 0.17446 0.0341664 0.0548984 3
0 0.613759 0.184436 0.0325083 0.0511337 4
0 0.661511 0.105776 0.0314849 0.058321 5
0 0.399945 0.155588 0.0363698 0.0587575 6
0 0.573634 0.0986712 0.032846 0.0577617 7
0 0.745498 0.129441 0.0325902 0.0572342 8
0 0.701967 0.189474 0.0331964 0.0504637 9
0 0.398151 0.0406712 0.0352765 0.0537656 10
0 0.302142 0.0360153 0.0374515 0.056491 11
0 0.614521 0.0491184 0.0329676 0.0502134 12
