0 0.303406 0.155955 0.0376392 0.0581142 1
0 0.467385 0.0922651 0.035873 0.06484 2
0 0.511657 0.174261 0.032948 0.0527387 3
0 0.61423 0.18486 0.0329419 0.0520228 4
0 0.662397 0.105689 0.0319576 0.0582685 5
0 0.399794 0.156475 0.0363621 0.0598353 6
0 0.573646 0.0995119 0.0326484 0.0580183 7
0 0.746567 0.130962 0.0326672 0.0573136 8
0 0.70246 0.188538 0.0339019 0.0495089 9
0 0.398822 0.0405147 0.0360518 0.0537135 10
0 0.302161 0.0358549 0.036855 0.0556046 11
0 0.615172 0.0494731 0.0325756 0.0496544 12
