0 0.303167 0.157247 0.0354196 0.0561728 1
0 0.467174 0.0926466 0.0354249 0.0618151 2
0 0.511949 0.173364 0.0329822 0.0532636 3
0 0.61379 0.183932 0.0325416 0.0512689 4
0 0.662168 0.106661 0.0317322 0.0593282 5
0 0.399633 0.156029 0.0357291 0.0581042 6
0 0.573173 0.0991391 0.0322637 0.05812 7
0 0.746087 0.131988 0.0325363 0.0578255 8
0 0.70208 0.189927 0.0325429 0.0494697 9
0 0.398381 0.0407369 0.0354312 0.0540389 10
0 0.302886 0.036091 0.0355942 0.0558293 11
0 0.615343 0.050467 0.0321958 0.0492422 12
0 0.351385 0.0954744 0.0307107 0.0565778 592
