0 0.568253 0.812886 0.0331028 0.0564904 1095
0 0.354566 0.791222 0.036713 0.0598003 1096
0 0.258682 0.780633 0.0373605 0.0601546 1097
0 0.523319 0.863209 0.0345572 0.0615139 1099
0 0.418788 0.850556 0.0351618 0.0626266 1100
0 0.610334 0.874796 0.0331665 0.059571 1101
0 0.689765 0.902051 0.0306911 0.0531787 1103
0 0.346216 0.905303 0.0363783 0.0500312 1116
0 0.250384 0.89998 0.037345 0.0495646 1117
0 0.458066 0.925733 0.0348531 0.0411255 1120
0 0.557739 0.939083 0.033918 0.0376636 1122
0 0.642245 0.948903 0.0325469 0.0344621 1124
