0 0.303384 0.156241 0.0372094 0.0585499 1
0 0.467575 0.0920074 0.0361379 0.0655918 2
0 0.512821 0.173767 0.032937 0.0533564 3
0 0.614049 0.184167 0.0326582 0.0510692 4
0 0.662947 0.105302 0.0320755 0.0591498 5
0 0.400109 0.155152 0.0356848 0.0583726 6
0 0.573773 0.0993977 0.032582 0.0576673 7
0 0.745924 0.130581 0.0321646 0.0560866 8
0 0.701775 0.189189 0.0330968 0.0498353 9
0 0.399026 0.0404633 0.0358737 0.0523347 10
0 0.302378 0.0356856 0.0370457 0.0565107 11
0 0.615401 0.0490598 0.0330495 0.0514447 12
