0 0.298881 0.553943 0.0363302 0.0546595 1
0 0.462604 0.489426 0.0347018 0.0617155 2
0 0.506527 0.56928 0.0337544 0.0500554 3
0 0.60832 0.576175 0.0334596 0.0490732 4
0 0.656857 0.50168 0.0334348 0.060196 5
0 0.394203 0.552598 0.0343861 0.0531357 6
0 0.568356 0.496945 0.0331248 0.0601625 7
0 0.74054 0.52429 0.0315724 0.0571536 8
0 0.695697 0.580051 0.0326113 0.0464969 9
0 0.395875 0.436333 0.0366274 0.0566368 10
0 0.299839 0.433927 0.037679 0.0578425 11
0 0.610258 0.443821 0.0332378 0.0546735 12
