0 0.303645 0.15696 0.036191 0.0552185 1
0 0.466936 0.0917326 0.0351431 0.0625689 2
0 0.512453 0.173011 0.0326475 0.0516876 3
0 0.613971 0.184313 0.0331811 0.052171 4
0 0.662315 0.105242 0.0321361 0.0599593 5
0 0.399454 0.156707 0.0352969 0.0576618 6
0 0.573987 0.101141 0.0326543 0.0583719 7
0 0.746276 0.132148 0.0329775 0.0585577 8
0 0.702158 0.189989 0.032742 0.0502318 9
0 0.39886 0.040343 0.0353572 0.0528833 10
0 0.303195 0.0357004 0.0367776 0.0549331 11
0 0.615818 0.0495215 0.0318838 0.0482184 12
0 0.555244 0.838748 0.0258891 0.050029 632
