0 0.303415 0.156853 0.036327 0.0564461 1
0 0.467129 0.0925641 0.0346088 0.0624354 2
0 0.51226 0.17289 0.0323679 0.052045 3
0 0.614323 0.184371 0.0324043 0.0505544 4
0 0.662665 0.105745 0.0319397 0.0583623 5
0 0.399825 0.155341 0.0357926 0.0586343 6
0 0.57344 0.0989175 0.0321344 0.0570903 7
0 0.745685 0.131137 0.0322737 0.057158 8
0 0.702257 0.188678 0.0323866 0.0487104 9
0 0.398688 0.039473 0.0357036 0.0535699 10
0 0.302829 0.0356605 0.0370168 0.0566768 11
0 0.616623 0.0496732 0.0322937 0.0489861 12
