0 0.302869 0.220754 0.0353681 0.054696 1
0 0.466862 0.157104 0.0353247 0.0633643 2
0 0.511024 0.239461 0.0317637 0.0503632 3
0 0.6128 0.252171 0.0328952 0.051011 4
0 0.661203 0.172483 0.0331537 0.0612267 5
0 0.399032 0.221525 0.0356803 0.0572813 6
0 0.572584 0.165596 0.033316 0.0608933 7
0 0.744792 0.198346 0.0313844 0.0571279 8
0 0.701143 0.256319 0.032749 0.048009 9
0 0.398833 0.105416 0.0363183 0.0530298 10
0 0.302799 0.0987878 0.0364154 0.0534177 11
0 0.615932 0.118219 0.0315822 0.0476679 12
