0 0.303323 0.156592 0.0369362 0.0584329 1
0 0.467056 0.0924239 0.0343259 0.0603531 2
0 0.512222 0.173445 0.033638 0.0537736 3
0 0.613646 0.184556 0.0326159 0.051941 4
0 0.661922 0.106786 0.0319429 0.0594542 5
0 0.399903 0.155815 0.035481 0.057731 6
0 0.573215 0.0998739 0.0328744 0.0588962 7
0 0.745655 0.13151 0.0320944 0.0567494 8
0 0.701783 0.190798 0.0334698 0.0499407 9
0 0.3979 0.040723 0.0350368 0.0541791 10
0 0.301471 0.0372789 0.0364116 0.0560139 11
0 0.614377 0.0501613 0.0324481 0.0494894 12
0 0.351302 0.0992613 0.0307528 0.0598258 592
