0 0.303331 0.157022 0.0356809 0.056857 1
0 0.467082 0.0917389 0.0348166 0.06158 2
0 0.511978 0.172582 0.0332413 0.0531996 3
0 0.613734 0.184727 0.0332881 0.0522621 4
0 0.662172 0.106171 0.0318368 0.0599772 5
0 0.400101 0.155894 0.0353036 0.0574785 6
0 0.573305 0.100033 0.0331109 0.0581571 7
0 0.745327 0.131529 0.0317808 0.0568357 8
0 0.701858 0.189754 0.0325683 0.0494706 9
0 0.398244 0.0404538 0.0352429 0.0537545 10
0 0.302161 0.0356783 0.0361374 0.0556445 11
0 0.61571 0.0506018 0.0333082 0.0505673 12
