0 0.303614 0.157192 0.0366752 0.0578176 1
0 0.466949 0.0926151 0.0343806 0.0622991 2
0 0.512091 0.174265 0.0329542 0.0534202 3
0 0.613906 0.184756 0.03256 0.0514265 4
0 0.662285 0.107057 0.0320033 0.0597768 5
0 0.400049 0.155655 0.0354549 0.0579986 6
0 0.573692 0.0995472 0.0328763 0.0583106 7
0 0.745357 0.13066 0.0319226 0.0574154 8
0 0.702159 0.189514 0.0317893 0.0472133 9
0 0.39809 0.0405926 0.0358516 0.0543186 10
0 0.302715 0.0357348 0.0362044 0.0552195 11
0 0.615824 0.0501151 0.0337464 0.0505707 12
