0 0.303774 0.1568 0.0370367 0.058966 1
0 0.467319 0.0919271 0.0352162 0.0627827 2
0 0.511721 0.174217 0.0332685 0.0534545 3
0 0.613739 0.184742 0.0337132 0.0536108 4
0 0.662275 0.106605 0.0318404 0.0592423 5
0 0.399949 0.155385 0.0360401 0.0584681 6
0 0.573693 0.0987657 0.0331018 0.0591658 7
0 0.745247 0.13145 0.0318384 0.0573393 8
0 0.70215 0.188913 0.032723 0.0491526 9
0 0.398402 0.0404887 0.0352998 0.0530406 10
0 0.302413 0.0360373 0.0356298 0.0553462 11
0 0.614614 0.0504183 0.0327931 0.0495368 12
