0 0.298446 0.546895 0.0363961 0.0546792 1
0 0.462993 0.481845 0.0341973 0.0608009 2
0 0.506536 0.561135 0.034417 0.0513292 3
0 0.608396 0.56839 0.0334903 0.0491126 4
0 0.657277 0.494627 0.0322561 0.0581432 5
0 0.393913 0.545565 0.0351577 0.0545524 6
0 0.568855 0.487875 0.0336448 0.0610758 7
0 0.740656 0.516959 0.0316198 0.05726 8
0 0.695334 0.572735 0.0326089 0.0465775 9
0 0.395677 0.428629 0.0361534 0.0557202 10
0 0.300382 0.425499 0.0382031 0.0585903 11
0 0.610842 0.436698 0.0324682 0.0532056 12
