0 0.303065 0.156986 0.0363336 0.0558941 1
0 0.466911 0.0926875 0.035188 0.0619406 2
0 0.512036 0.173832 0.0330908 0.0523481 3
0 0.613604 0.184333 0.0325273 0.0512197 4
0 0.662141 0.106841 0.0317922 0.0588979 5
0 0.399922 0.156431 0.0358938 0.0578769 6
0 0.573675 0.100251 0.0321872 0.0572976 7
0 0.745898 0.130548 0.0321962 0.0547647 8
0 0.701924 0.190226 0.0331528 0.049979 9
0 0.398941 0.0400441 0.0358626 0.0527738 10
0 0.301966 0.0362061 0.0357909 0.0540311 11
0 0.615415 0.0500281 0.0331924 0.0506971 12
