0 0.570277 0.816029 0.0326708 0.0561269 1095
0 0.35649 0.796558 0.0371499 0.0602843 1096
0 0.260658 0.786872 0.0377992 0.060709 1097
0 0.525352 0.866974 0.0348857 0.0616995 1099
0 0.420587 0.855195 0.0361712 0.0637572 1100
0 0.611812 0.877285 0.0324402 0.0578672 1101
0 0.692093 0.90358 0.0326539 0.0565711 1103
0 0.349414 0.910007 0.0381155 0.0517023 1116
0 0.25311 0.907375 0.0378654 0.049796 1117
0 0.460748 0.928937 0.0358933 0.0423519 1120
0 0.560346 0.942005 0.0348909 0.0386425 1122
0 0.645464 0.949714 0.0338961 0.0358276 1124
