0 0.303336 0.157323 0.0359734 0.0562633 1
0 0.466997 0.0911137 0.0357533 0.0638158 2
0 0.512079 0.172958 0.0322024 0.0517632 3
0 0.614071 0.184711 0.0324441 0.0507866 4
0 0.661936 0.106309 0.0318976 0.0587492 5
0 0.40011 0.156161 0.0347708 0.0562803 6
0 0.574178 0.0989385 0.0326025 0.0583813 7
0 0.745402 0.13143 0.0322877 0.056888 8
0 0.701678 0.189718 0.0326147 0.0507828 9
0 0.398539 0.0412121 0.0348711 0.0545333 10
0 0.302162 0.036979 0.0362618 0.0557686 11
0 0.615099 0.0498019 0.0334782 0.0512835 12
