0 0.303177 0.15665 0.0361542 0.0551943 1
0 0.466922 0.0918408 0.034931 0.06234 2
0 0.512352 0.173556 0.0333297 0.052735 3
0 0.614608 0.185051 0.0324602 0.0505862 4
0 0.662608 0.105733 0.0319188 0.0593246 5
0 0.400007 0.156452 0.0361058 0.0589292 6
0 0.573608 0.10072 0.0326958 0.0586438 7
0 0.746043 0.132143 0.0323763 0.057333 8
0 0.702115 0.18965 0.0326841 0.0497475 9
0 0.398609 0.0397266 0.0358986 0.053053 10
0 0.302432 0.0359622 0.0368962 0.0553128 11
0 0.616008 0.0510479 0.0324605 0.04859 12
0 0.334675 0.0983071 0.0354194 0.0570435 592
