0 0.303429 0.156079 0.0372882 0.0581471 1
0 0.467452 0.0920183 0.0349366 0.0627632 2
0 0.511566 0.173656 0.0324219 0.052554 3
0 0.61393 0.184336 0.0334733 0.0531977 4
0 0.662294 0.105258 0.0323101 0.0593239 5
0 0.399516 0.155181 0.0357903 0.0578973 6
0 0.573771 0.0994541 0.0326183 0.0575942 7
0 0.745756 0.130592 0.0317335 0.0556954 8
0 0.702099 0.190569 0.0331858 0.0504978 9
0 0.399056 0.0399848 0.035698 0.0533205 10
0 0.302387 0.0363418 0.0364059 0.0565827 11
0 0.615107 0.0499862 0.0322309 0.0492103 12
