0 0.303441 0.156985 0.0367206 0.0580299 1
0 0.466812 0.0919224 0.0350839 0.0625564 2
0 0.512117 0.17367 0.0325643 0.0525951 3
0 0.613687 0.18492 0.0323736 0.0504757 4
0 0.662123 0.105316 0.0323603 0.0595982 5
0 0.400086 0.155308 0.0356518 0.0581349 6
0 0.573301 0.100525 0.0317563 0.0564962 7
0 0.745755 0.130741 0.0310228 0.0541389 8
0 0.701644 0.189227 0.0329018 0.0512584 9
0 0.398097 0.0403732 0.0339871 0.0531132 10
0 0.302774 0.0360411 0.0360292 0.0547609 11
0 0.615481 0.0498463 0.0324317 0.0490049 12
