0 0.303484 0.156534 0.0363917 0.0557182 1
0 0.466941 0.0921526 0.0363969 0.0650471 2
0 0.512661 0.173012 0.0327833 0.0517236 3
0 0.613928 0.184541 0.0328237 0.0514535 4
0 0.66219 0.105421 0.0329052 0.0613091 5
0 0.399422 0.156752 0.0352818 0.057689 6
0 0.573902 0.101489 0.0326061 0.0583842 7
0 0.746329 0.131865 0.0318685 0.0564274 8
0 0.701966 0.189007 0.0329299 0.0506394 9
0 0.398669 0.0399462 0.0352162 0.0525577 10
0 0.302747 0.0365365 0.0366198 0.0548824 11
0 0.615467 0.0495001 0.0319525 0.0481938 12
