0 0.303247 0.156863 0.0361396 0.0553666 1
0 0.467147 0.0923066 0.0352561 0.062614 2
0 0.512642 0.173679 0.0332065 0.0527204 3
0 0.61461 0.184605 0.0331652 0.0519146 4
0 0.662343 0.105852 0.0316437 0.0589481 5
0 0.399901 0.1559 0.0362817 0.0593685 6
0 0.573823 0.0994961 0.031756 0.0568453 7
0 0.746044 0.132138 0.0322739 0.0570506 8
0 0.702204 0.189805 0.032528 0.0498621 9
0 0.398726 0.0397268 0.0350968 0.0521719 10
0 0.302529 0.036072 0.036855 0.0553017 11
0 0.61604 0.0505523 0.032215 0.0487775 12
0 0.335178 0.100783 0.0336849 0.0542914 592
