0 0.3037 0.155221 0.0362619 0.0554438 1
0 0.467461 0.0914889 0.0354243 0.0632756 2
0 0.511864 0.174208 0.0330457 0.0531578 3
0 0.614001 0.184293 0.0328832 0.0515318 4
0 0.662573 0.105598 0.0321743 0.0588237 5
0 0.399762 0.155195 0.0358494 0.0591518 6
0 0.573812 0.0999393 0.0317805 0.0561774 7
0 0.746101 0.130833 0.0322547 0.056967 8
0 0.702474 0.188367 0.0326606 0.0484707 9
0 0.399357 0.0405649 0.0362541 0.0541169 10
0 0.302459 0.0361819 0.03701 0.056343 11
0 0.615109 0.0500512 0.0324683 0.0494512 12
