0 0.303686 0.15614 0.0361946 0.0561055 1
0 0.467473 0.0905454 0.0356209 0.0645192 2
0 0.512381 0.172402 0.0331276 0.0526696 3
0 0.614316 0.184969 0.0327376 0.0513032 4
0 0.662395 0.105012 0.0314789 0.0590307 5
0 0.40013 0.156393 0.0351433 0.0580739 6
0 0.573936 0.0991121 0.0331225 0.0582852 7
0 0.745987 0.130589 0.0328243 0.0574115 8
0 0.702249 0.189298 0.0338432 0.0491888 9
0 0.398536 0.0401554 0.0352961 0.0534029 10
0 0.302847 0.0364992 0.0372762 0.057202 11
0 0.615673 0.048214 0.0325497 0.0505165 12
