0 0.303359 0.156751 0.0360065 0.0549469 1
0 0.467289 0.0919307 0.0356089 0.0638099 2
0 0.512456 0.173402 0.0331608 0.0529404 3
0 0.614636 0.184551 0.032747 0.0509807 4
0 0.662394 0.105905 0.0317128 0.059073 5
0 0.399955 0.156496 0.0360193 0.0588534 6
0 0.57385 0.100672 0.0320041 0.0574854 7
0 0.745815 0.132368 0.0324684 0.0575481 8
0 0.702296 0.189841 0.0326599 0.0496159 9
0 0.3985 0.0394756 0.035068 0.0521622 10
0 0.302474 0.0359461 0.0365339 0.0547887 11
0 0.616023 0.0509155 0.032098 0.0481174 12
0 0.335376 0.100555 0.0337132 0.0541412 592
