0 0.303174 0.156598 0.035654 0.0550345 1
0 0.466979 0.0913147 0.0362312 0.0648319 2
0 0.512235 0.172983 0.0321486 0.0517847 3
0 0.614607 0.185013 0.0324196 0.0504827 4
0 0.662369 0.105939 0.0317126 0.0595482 5
0 0.399819 0.156576 0.0355572 0.0578138 6
0 0.573324 0.100988 0.032712 0.0584964 7
0 0.745885 0.132086 0.0329722 0.0579203 8
0 0.701769 0.188533 0.0325045 0.0490918 9
0 0.398811 0.0398478 0.0352817 0.0522619 10
0 0.30244 0.0362357 0.0366554 0.0564176 11
0 0.616187 0.0502579 0.0328165 0.0499255 12
