0 0.303109 0.15668 0.0367825 0.058201 1
0 0.467044 0.0925553 0.0349494 0.0614978 2
0 0.512066 0.173207 0.0334362 0.0533165 3
0 0.613669 0.184109 0.032752 0.0519323 4
0 0.662054 0.106669 0.0323554 0.0602399 5
0 0.399671 0.15617 0.0356308 0.0580849 6
0 0.573501 0.0990218 0.0324112 0.0574136 7
0 0.745191 0.131146 0.0322042 0.0573826 8
0 0.701963 0.190312 0.0329118 0.0489208 9
0 0.398006 0.0403206 0.03535 0.0545429 10
0 0.302796 0.0374068 0.0365926 0.056129 11
0 0.61431 0.0500517 0.0326371 0.0492155 12
0 0.352117 0.0983004 0.0281326 0.0533039 592
