0 0.295408 0.825985 0.035442 0.0523593 1
0 0.459284 0.757835 0.0341968 0.0606961 2
0 0.502979 0.833929 0.0325894 0.0476686 3
0 0.604991 0.83686 0.0315656 0.0438303 4
0 0.653601 0.764013 0.0334702 0.0610518 5
0 0.391521 0.822004 0.0353538 0.0545955 6
0 0.565723 0.760643 0.0331841 0.0598913 7
0 0.736515 0.784589 0.0310855 0.0553231 8
0 0.692003 0.83842 0.0317974 0.0436935 9
0 0.392988 0.705938 0.0364771 0.0580959 10
0 0.297352 0.705779 0.0374046 0.0596608 11
0 0.607592 0.706902 0.03302 0.0546372 12
