0 0.296259 0.738013 0.0365928 0.0552906 1
0 0.460986 0.670238 0.0357095 0.0633494 2
0 0.50317 0.74755 0.0346272 0.0524256 3
0 0.606039 0.752398 0.0326867 0.0467764 4
0 0.654368 0.679255 0.0333761 0.061026 5
0 0.392266 0.734084 0.0362344 0.0568206 6
0 0.566669 0.675048 0.0331589 0.0595979 7
0 0.73733 0.699879 0.0303439 0.0554261 8
0 0.693452 0.754208 0.0313663 0.0444645 9
0 0.393829 0.618565 0.0355628 0.0553638 10
0 0.298165 0.617881 0.0370138 0.0581236 11
0 0.608818 0.622057 0.0334617 0.0557524 12
