0 0.302349 0.234689 0.0366992 0.0569836 1
0 0.466476 0.171445 0.0338058 0.0604091 2
0 0.510976 0.253328 0.0337397 0.0536287 3
0 0.612285 0.263826 0.032202 0.0496937 4
0 0.661461 0.187416 0.0320022 0.0589748 5
0 0.398979 0.234768 0.035843 0.0574168 6
0 0.572965 0.17928 0.0332031 0.0604225 7
0 0.744817 0.212147 0.0320438 0.0589501 8
0 0.701038 0.270316 0.033729 0.049011 9
0 0.398748 0.118096 0.0364693 0.053818 10
0 0.302677 0.112082 0.0366425 0.0534792 11
0 0.615141 0.130185 0.0327608 0.0491311 12
