0 0.303382 0.156544 0.0366019 0.0577327 1
0 0.467125 0.0920779 0.0352321 0.0618266 2
0 0.5118 0.173958 0.0341143 0.0550371 3
0 0.613538 0.184462 0.0332473 0.0527306 4
0 0.662228 0.106683 0.0314086 0.058321 5
0 0.399719 0.154928 0.0362278 0.059312 6
0 0.573203 0.0994496 0.0326418 0.0582008 7
0 0.745198 0.131331 0.0314813 0.0560965 8
0 0.702952 0.188593 0.0319135 0.0482585 9
0 0.39791 0.0406458 0.035613 0.0542849 10
0 0.301922 0.0355513 0.0353246 0.0546768 11
0 0.61477 0.0490813 0.0334349 0.0507021 12
