0 0.303097 0.156902 0.036079 0.0557018 1
0 0.46718 0.0923862 0.0350888 0.0630304 2
0 0.511682 0.173623 0.0326385 0.0524797 3
0 0.614458 0.184689 0.0324862 0.0505892 4
0 0.662514 0.106084 0.0319456 0.059815 5
0 0.400072 0.156326 0.0359898 0.0590028 6
0 0.573606 0.100367 0.0328368 0.0584276 7
0 0.746513 0.13207 0.0324496 0.0580645 8
0 0.701889 0.188898 0.0324552 0.0493337 9
0 0.398502 0.0396167 0.0352246 0.0524846 10
0 0.302513 0.0367061 0.0365884 0.0560706 11
0 0.61601 0.0507846 0.0319458 0.0481387 12
0 0.554268 0.841535 0.0237361 0.048607 541
