0 0.303485 0.156554 0.0365756 0.0556889 1
0 0.466996 0.0905 0.0361953 0.065043 2
0 0.512371 0.1732 0.0331024 0.0525645 3
0 0.614549 0.184269 0.0327864 0.0508636 4
0 0.662354 0.10632 0.0318128 0.0592334 5
0 0.400052 0.156747 0.0359174 0.0585564 6
0 0.573808 0.100647 0.0326377 0.0584894 7
0 0.745564 0.131951 0.0320866 0.0569331 8
0 0.702028 0.18954 0.0330205 0.0502824 9
0 0.399346 0.0405438 0.0355184 0.0527251 10
0 0.302849 0.0360381 0.0369256 0.0553665 11
0 0.61621 0.0497518 0.0325425 0.0488903 12
