0 0.303365 0.155758 0.0365048 0.057328 1
0 0.467091 0.0922972 0.0355642 0.063486 2
0 0.512391 0.173821 0.0334785 0.0535896 3
0 0.613941 0.184675 0.0327421 0.0520812 4
0 0.662494 0.107392 0.031688 0.0591659 5
0 0.399583 0.155608 0.0367643 0.0591803 6
0 0.573762 0.100078 0.0323296 0.0565806 7
0 0.745152 0.131354 0.0329882 0.0570161 8
0 0.701751 0.19028 0.0330377 0.0500236 9
0 0.398549 0.0401962 0.0367 0.055284 10
0 0.301591 0.0372237 0.0353316 0.0545701 11
0 0.615263 0.0501099 0.0328877 0.0496155 12
