0 0.303778 0.15711 0.0361969 0.056935 1
0 0.467711 0.0908868 0.034868 0.0631016 2
0 0.51224 0.172944 0.0331342 0.0537707 3
0 0.614224 0.185113 0.0321897 0.0506938 4
0 0.662497 0.106633 0.0322234 0.0603757 5
0 0.399969 0.155804 0.0355367 0.0583181 6
0 0.57352 0.0994716 0.0329022 0.0583831 7
0 0.745849 0.130423 0.0329796 0.0591501 8
0 0.702114 0.188689 0.0330356 0.0492478 9
0 0.398981 0.0406884 0.03553 0.0535654 10
0 0.302655 0.0356357 0.0363723 0.0553805 11
0 0.615704 0.0494062 0.0331305 0.049542 12
