0 0.303135 0.156682 0.0360927 0.0569768 1
0 0.467006 0.0913969 0.0348688 0.0638504 2
0 0.512369 0.17254 0.0323057 0.0520712 3
0 0.613844 0.185258 0.0332477 0.0524737 4
0 0.662546 0.106299 0.0320578 0.0587219 5
0 0.39985 0.155607 0.0351562 0.0569641 6
0 0.573533 0.0993154 0.0326454 0.0582041 7
0 0.74568 0.131209 0.0329274 0.0570546 8
0 0.701923 0.19036 0.0329115 0.0495805 9
0 0.398499 0.0401506 0.0350751 0.0529082 10
0 0.302983 0.0360389 0.036856 0.0560787 11
0 0.615554 0.0492413 0.0315086 0.0490506 12
