0 0.303033 0.156802 0.0357637 0.0547679 1
0 0.467395 0.0911005 0.0359156 0.0634542 2
0 0.512054 0.173491 0.0335093 0.0530224 3
0 0.613792 0.185113 0.0329291 0.0515793 4
0 0.66212 0.105991 0.0324011 0.0598459 5
0 0.399782 0.156506 0.0354846 0.057909 6
0 0.573661 0.0997204 0.0324441 0.0576462 7
0 0.745151 0.131287 0.0311236 0.0559514 8
0 0.702094 0.189713 0.0331212 0.0498005 9
0 0.398545 0.0403386 0.0364084 0.0532757 10
0 0.302469 0.0368073 0.0363329 0.0550201 11
0 0.616055 0.0501947 0.0327256 0.0492596 12
