0 0.303142 0.157001 0.0368294 0.0580914 1
0 0.466852 0.0922497 0.0348894 0.0615552 2
0 0.51181 0.173529 0.0329297 0.0528399 3
0 0.613399 0.184427 0.0331054 0.0527185 4
0 0.661847 0.106592 0.0320143 0.0596767 5
0 0.39994 0.155625 0.0356294 0.0581111 6
0 0.573122 0.0992692 0.0321754 0.0576499 7
0 0.744886 0.132012 0.0318609 0.0565052 8
0 0.701942 0.190555 0.0332351 0.0498639 9
0 0.398186 0.0412417 0.0348388 0.0537554 10
0 0.301566 0.0367468 0.035998 0.0555687 11
0 0.614351 0.0504064 0.0321962 0.0490543 12
