0 0.303867 0.157026 0.0366502 0.058407 1
0 0.4672 0.0911039 0.0353436 0.0632678 2
0 0.511448 0.174049 0.0330482 0.0529097 3
0 0.61336 0.184625 0.0336355 0.05336 4
0 0.662151 0.106502 0.0315414 0.0588783 5
0 0.399748 0.155281 0.0359798 0.0584543 6
0 0.573599 0.0998271 0.0332023 0.05904 7
0 0.745232 0.131068 0.0310798 0.0555958 8
0 0.702615 0.189498 0.0330956 0.0499671 9
0 0.398586 0.0407992 0.0353419 0.0533537 10
0 0.302283 0.0359623 0.0357332 0.0558247 11
0 0.615255 0.0499726 0.0328454 0.0498674 12
