0 0.303578 0.157156 0.0367826 0.0567497 1
0 0.467689 0.0924615 0.0353481 0.0635964 2
0 0.512418 0.173898 0.0329188 0.0524231 3
0 0.614365 0.184695 0.0320224 0.0503195 4
0 0.662251 0.104966 0.0321826 0.0587658 5
0 0.399963 0.156659 0.0345422 0.0567751 6
0 0.573538 0.100928 0.0325192 0.0578434 7
0 0.746083 0.130909 0.0322544 0.0564344 8
0 0.702261 0.18896 0.033656 0.0491078 9
0 0.398755 0.039993 0.0351737 0.0523791 10
0 0.302439 0.0357549 0.0368058 0.0555062 11
0 0.615066 0.0487484 0.0322627 0.0491388 12
