0 0.303205 0.15677 0.0359721 0.0550119 1
0 0.466846 0.0918097 0.0348274 0.062366 2
0 0.512288 0.173699 0.0330049 0.0523684 3
0 0.614715 0.184935 0.0326282 0.0509728 4
0 0.662548 0.105541 0.0318643 0.0596526 5
0 0.39996 0.155837 0.0360719 0.0591462 6
0 0.573801 0.100889 0.0325966 0.0583925 7
0 0.745612 0.132623 0.0325063 0.0580183 8
0 0.701913 0.189959 0.0334042 0.0507444 9
0 0.398522 0.0396524 0.0355536 0.0523794 10
0 0.302656 0.0363454 0.036435 0.0547452 11
0 0.615775 0.051118 0.0322006 0.0484369 12
