0 0.303649 0.156073 0.0365176 0.0564602 1
0 0.467256 0.0919566 0.0351294 0.0628338 2
0 0.511787 0.174019 0.0326061 0.0528246 3
0 0.614215 0.185633 0.0333306 0.0520313 4
0 0.66294 0.105149 0.0319978 0.0600058 5
0 0.400088 0.155986 0.0356971 0.0581637 6
0 0.573695 0.099692 0.032384 0.0579679 7
0 0.745521 0.131726 0.0320661 0.0563238 8
0 0.702273 0.189749 0.0329232 0.0497312 9
0 0.398425 0.0405738 0.0351355 0.0519617 10
0 0.302536 0.0363466 0.0364417 0.0561258 11
0 0.615366 0.0496945 0.0333817 0.0510584 12
