0 0.30287 0.156308 0.0366395 0.0583269 1
0 0.467096 0.0919517 0.0353192 0.0622109 2
0 0.511952 0.174019 0.0336492 0.0538666 3
0 0.613461 0.184344 0.0332296 0.0526001 4
0 0.661947 0.106482 0.0322035 0.0601731 5
0 0.399855 0.155011 0.0359402 0.0590841 6
0 0.573612 0.0999675 0.032221 0.0564729 7
0 0.745283 0.130966 0.0309001 0.0551063 8
0 0.70169 0.189507 0.0331215 0.0503138 9
0 0.398341 0.0404569 0.0347193 0.0531672 10
0 0.302271 0.0360608 0.0359066 0.0554266 11
0 0.61508 0.0490165 0.0325818 0.0492072 12
