0 0.303226 0.15714 0.0366841 0.0579049 1
0 0.466721 0.0924447 0.0348465 0.0622097 2
0 0.51205 0.172974 0.0322862 0.051462 3
0 0.613951 0.184983 0.0336506 0.0526005 4
0 0.662447 0.106376 0.0319239 0.0581106 5
0 0.399699 0.155741 0.0353213 0.0575805 6
0 0.573669 0.100541 0.032898 0.0576929 7
0 0.745461 0.131089 0.0321251 0.0553923 8
0 0.701609 0.189651 0.0325616 0.0506713 9
0 0.397864 0.0392825 0.0340034 0.0524374 10
0 0.302673 0.0368963 0.0364635 0.0551925 11
0 0.61564 0.0501727 0.033864 0.0509807 12
0 0.905717 0.818916 0.0286206 0.0477995 303
