0 0.303172 0.156125 0.0374993 0.0593927 1
0 0.466937 0.0919834 0.0347896 0.0612634 2
0 0.511632 0.17363 0.0335024 0.0534417 3
0 0.613929 0.184008 0.0330913 0.0524818 4
0 0.661784 0.105967 0.032225 0.0598252 5
0 0.399872 0.155391 0.035518 0.0579438 6
0 0.573764 0.0996071 0.032285 0.057139 7
0 0.74508 0.13127 0.0312644 0.0555283 8
0 0.701978 0.189171 0.0327309 0.0486107 9
0 0.398112 0.0408952 0.0355986 0.0548725 10
0 0.302107 0.0367858 0.0359239 0.0553727 11
0 0.614799 0.049929 0.0335935 0.0505783 12
