0 0.575811 0.840597 0.0337467 0.0579714 1095
0 0.362141 0.829669 0.0372144 0.0590759 1096
0 0.26576 0.825048 0.0374905 0.0598401 1097
0 0.531918 0.892967 0.0354011 0.0587861 1099
0 0.427239 0.886507 0.0370084 0.0613391 1100
0 0.619208 0.90102 0.0347555 0.0594929 1101
0 0.699892 0.922612 0.0323784 0.0535432 1103
0 0.355892 0.945087 0.0391371 0.048057 1116
0 0.259824 0.946631 0.0389842 0.0472444 1117
0 0.466741 0.960099 0.0392731 0.0415198 1120
0 0.568011 0.967763 0.0381681 0.0388149 1122
0 0.654231 0.972872 0.038106 0.0374702 1124
