0 0.303623 0.156598 0.0371437 0.0585389 1
0 0.467519 0.0915881 0.035695 0.0636844 2
0 0.511582 0.17459 0.033443 0.0544358 3
0 0.613594 0.185074 0.0335191 0.0535259 4
0 0.66196 0.106519 0.0320138 0.0590347 5
0 0.399994 0.155626 0.0362295 0.0593465 6
0 0.574026 0.0999555 0.0325952 0.0578066 7
0 0.744954 0.130656 0.0313482 0.0569623 8
0 0.701986 0.189759 0.0336962 0.050415 9
0 0.398876 0.0400021 0.0356857 0.0536114 10
0 0.302698 0.035772 0.0361348 0.0554802 11
0 0.615657 0.0494913 0.0328007 0.049382 12
