0 0.303545 0.155986 0.0363402 0.0569079 1
0 0.467529 0.0926026 0.0347223 0.0630608 2
0 0.511976 0.174251 0.0331409 0.0535237 3
0 0.614103 0.184294 0.0329351 0.0518609 4
0 0.663027 0.106405 0.0314387 0.0584171 5
0 0.399417 0.155932 0.0355237 0.0577671 6
0 0.574007 0.0987028 0.0334673 0.0594004 7
0 0.745665 0.13112 0.0323385 0.0564247 8
0 0.702348 0.188378 0.0325118 0.0488955 9
0 0.399387 0.0401338 0.0369381 0.0547865 10
0 0.302271 0.0351283 0.0359118 0.0555985 11
0 0.61567 0.0491348 0.0324743 0.0497608 12
