0 0.296629 0.664782 0.036315 0.0546944 1
0 0.460669 0.597602 0.0346016 0.0608665 2
0 0.505121 0.675533 0.0327963 0.0497125 3
0 0.606878 0.680951 0.0332266 0.0479486 4
0 0.656051 0.606933 0.0338562 0.0609474 5
0 0.392634 0.661307 0.0356564 0.055667 6
0 0.567387 0.601421 0.0344732 0.0625074 7
0 0.738252 0.629722 0.0316125 0.0575232 8
0 0.693984 0.684443 0.0322981 0.0453035 9
0 0.394471 0.546189 0.0355869 0.0550127 10
0 0.298925 0.54344 0.0365476 0.0564892 11
0 0.609994 0.550088 0.0326818 0.0539598 12
