0 0.30383 0.156099 0.0367494 0.057707 1
0 0.467022 0.0916431 0.0345654 0.0629494 2
0 0.511869 0.174339 0.0335284 0.0541822 3
0 0.61389 0.184808 0.0334198 0.0530127 4
0 0.662328 0.105801 0.0325575 0.0599438 5
0 0.399951 0.15504 0.0363577 0.059199 6
0 0.573754 0.0991498 0.0321861 0.0570872 7
0 0.745586 0.131326 0.0325187 0.056992 8
0 0.70191 0.190091 0.0324676 0.0489697 9
0 0.398573 0.0401055 0.0360776 0.0540836 10
0 0.302427 0.0366466 0.0366123 0.0560729 11
0 0.615436 0.0495586 0.0317824 0.0496388 12
