0 0.303061 0.155804 0.0359222 0.0558373 1
0 0.467626 0.0915568 0.0352936 0.0628497 2
0 0.512023 0.174578 0.033177 0.0527791 3
0 0.613604 0.185526 0.0341495 0.0543234 4
0 0.662228 0.10639 0.0323778 0.0602317 5
0 0.399491 0.155637 0.0359483 0.0579889 6
0 0.573498 0.099389 0.0320282 0.0573596 7
0 0.744946 0.131103 0.0321712 0.0562792 8
0 0.701911 0.189189 0.0336694 0.0507476 9
0 0.398333 0.0401973 0.0361522 0.0539216 10
0 0.302093 0.0366619 0.0367009 0.0555085 11
0 0.615064 0.0505321 0.0323594 0.0500027 12
