0 0.30305 0.156659 0.0365717 0.057208 1
0 0.46701 0.0913739 0.0359753 0.0643215 2
0 0.512613 0.173922 0.0325372 0.0521822 3
0 0.61422 0.184298 0.0321556 0.0503729 4
0 0.661985 0.106614 0.0318994 0.0588185 5
0 0.399942 0.155683 0.0357748 0.0581226 6
0 0.57377 0.100298 0.0324533 0.0579837 7
0 0.745293 0.131372 0.0317543 0.0558336 8
0 0.701743 0.189555 0.0331075 0.0516296 9
0 0.397749 0.0399675 0.0347613 0.0544516 10
0 0.302323 0.0353429 0.0357265 0.0547019 11
0 0.615225 0.0493615 0.0336956 0.0516805 12
