0 0.303287 0.156493 0.0359205 0.0552014 1
0 0.466919 0.0917371 0.0348386 0.0617642 2
0 0.511991 0.173402 0.0330744 0.0522999 3
0 0.613972 0.184615 0.0335684 0.0525248 4
0 0.662142 0.106189 0.031771 0.0588738 5
0 0.399585 0.154999 0.0354846 0.058177 6
0 0.573467 0.100661 0.0320728 0.0568026 7
0 0.745684 0.132539 0.033814 0.0595559 8
0 0.701693 0.189344 0.0325572 0.0492969 9
0 0.398905 0.0402526 0.0350485 0.0515169 10
0 0.301897 0.0354293 0.035767 0.0541577 11
0 0.615476 0.0499556 0.0321554 0.0482936 12
