0 0.303471 0.155991 0.0368184 0.0583829 1
0 0.466935 0.0918619 0.035008 0.0638642 2
0 0.511706 0.173532 0.0326952 0.0532929 3
0 0.613885 0.18476 0.0328667 0.0523772 4
0 0.662512 0.105749 0.0318593 0.0592761 5
0 0.399939 0.155372 0.0359704 0.0579732 6
0 0.573975 0.0988205 0.0324051 0.0580093 7
0 0.745763 0.130029 0.0322757 0.0559725 8
0 0.702043 0.190421 0.033291 0.0494352 9
0 0.399047 0.040271 0.0355655 0.0537903 10
0 0.302851 0.0365385 0.0367114 0.0568235 11
0 0.615507 0.0486165 0.0321972 0.049624 12
