0 0.303064 0.157236 0.0360763 0.055503 1
0 0.467154 0.091229 0.035489 0.063163 2
0 0.512759 0.172872 0.0338928 0.0534857 3
0 0.614187 0.18465 0.033075 0.0517281 4
0 0.66216 0.105667 0.032009 0.059009 5
0 0.399704 0.155618 0.0352185 0.0572102 6
0 0.573584 0.100417 0.0324501 0.0576886 7
0 0.745169 0.132324 0.0326541 0.0583752 8
0 0.701803 0.189544 0.0325533 0.0490115 9
0 0.399398 0.0405433 0.0366764 0.0534957 10
0 0.302532 0.0361217 0.0367624 0.0555317 11
0 0.616114 0.0497983 0.0320043 0.0480865 12
