0 0.303226 0.155757 0.037504 0.0585933 1
0 0.467382 0.0915818 0.034764 0.0615015 2
0 0.511408 0.173587 0.0330939 0.0527915 3
0 0.613424 0.184762 0.0334232 0.0524889 4
0 0.662153 0.106304 0.0311759 0.0578923 5
0 0.399786 0.155274 0.0358025 0.057694 6
0 0.573275 0.100046 0.0323647 0.0570865 7
0 0.745044 0.130551 0.0317018 0.0555852 8
0 0.701742 0.189843 0.0341269 0.0516258 9
0 0.398039 0.0411625 0.0350976 0.0534427 10
0 0.302125 0.0360459 0.036777 0.0550769 11
0 0.615215 0.0496965 0.0330393 0.0502798 12
