0 0.303613 0.156696 0.0369206 0.0591053 1
0 0.467414 0.0917455 0.0354045 0.0627227 2
0 0.512043 0.173981 0.0326757 0.0527722 3
0 0.613688 0.184712 0.0340236 0.0539613 4
0 0.662568 0.105462 0.0317879 0.05895 5
0 0.399828 0.15539 0.0361378 0.0585624 6
0 0.573568 0.0989103 0.0329864 0.0588656 7
0 0.745569 0.130475 0.0317013 0.056927 8
0 0.701962 0.190087 0.0332477 0.0509606 9
0 0.399007 0.0407397 0.0364756 0.0558414 10
0 0.302866 0.0363283 0.0363176 0.0578045 11
0 0.615111 0.0494002 0.0321326 0.0495535 12
