0 0.303366 0.155842 0.035694 0.0598487 1
0 0.467281 0.0914504 0.0340307 0.0619909 2
0 0.511255 0.173704 0.031085 0.0532129 3
0 0.613827 0.185574 0.0320673 0.0528653 4
0 0.662036 0.106824 0.0316296 0.0585164 5
0 0.399634 0.154739 0.0363988 0.0601957 6
0 0.572832 0.099281 0.0325007 0.056668 7
0 0.744787 0.13043 0.0321716 0.0571559 8
0 0.702163 0.190113 0.0334866 0.0515171 9
0 0.397398 0.0407246 0.0343872 0.0554629 10
0 0.301683 0.0361715 0.034913 0.0557067 11
0 0.615318 0.0499392 0.0329005 0.0513183 12
