0 0.30328 0.156412 0.0360504 0.0560649 1
0 0.46687 0.0926291 0.0350128 0.0623674 2
0 0.512073 0.173469 0.0333365 0.0528445 3
0 0.614033 0.184565 0.0323173 0.0508376 4
0 0.661957 0.105636 0.0321855 0.0599903 5
0 0.399667 0.156006 0.0357256 0.0574079 6
0 0.573705 0.101994 0.0329059 0.0591167 7
0 0.74543 0.131112 0.0322402 0.0560515 8
0 0.701934 0.188936 0.0325264 0.0490597 9
0 0.399081 0.0407062 0.0350491 0.0531268 10
0 0.302749 0.0358236 0.036429 0.0542518 11
0 0.614811 0.0491932 0.0334122 0.0510268 12
