0 0.303489 0.156975 0.0361451 0.0565275 1
0 0.467533 0.0933738 0.0346954 0.062746 2
0 0.512214 0.173054 0.0325144 0.0529261 3
0 0.614278 0.18441 0.031878 0.0498112 4
0 0.662676 0.106045 0.0320209 0.0590373 5
0 0.399869 0.155693 0.0349086 0.057034 6
0 0.573608 0.099729 0.0328535 0.0582217 7
0 0.746779 0.130965 0.0331967 0.057727 8
0 0.702231 0.18801 0.031844 0.0478489 9
0 0.399141 0.0393497 0.0358565 0.0524988 10
0 0.302593 0.0356755 0.0358945 0.0546693 11
0 0.615802 0.0484554 0.0324464 0.0504169 12
