0 0.300237 0.405037 0.0364662 0.0561495 1
0 0.464269 0.343647 0.0337707 0.0608429 2
0 0.508225 0.422344 0.0334672 0.0513332 3
0 0.61039 0.431915 0.0341209 0.0520901 4
0 0.658889 0.355998 0.0328467 0.0596618 5
0 0.396443 0.404494 0.0362559 0.0583834 6
0 0.570386 0.349563 0.0332474 0.0599359 7
0 0.742666 0.380396 0.0315181 0.0565178 8
0 0.698128 0.436537 0.0332815 0.0470299 9
0 0.396924 0.289492 0.0357251 0.0560911 10
0 0.301167 0.284282 0.0375633 0.0567683 11
0 0.614169 0.299251 0.0330761 0.0523285 12
0 0.904799 0.827593 0.0402027 0.0739641 881
