0 0.303333 0.156581 0.0359607 0.0561958 1
0 0.467285 0.0920134 0.0350945 0.0624824 2
0 0.512163 0.173582 0.0335634 0.0531282 3
0 0.613917 0.184358 0.0322012 0.0506026 4
0 0.662494 0.106211 0.0320304 0.0594232 5
0 0.399843 0.156127 0.036049 0.0578342 6
0 0.573237 0.101406 0.0329558 0.0591902 7
0 0.745392 0.130936 0.0328005 0.057158 8
0 0.701723 0.188863 0.0318739 0.0479115 9
0 0.398827 0.040796 0.0357855 0.0545429 10
0 0.302329 0.0362654 0.0368065 0.0548883 11
0 0.614956 0.0498429 0.0329242 0.0500218 12
0 0.711599 0.0614803 0.0323903 0.0463937 57
