0 0.303351 0.156517 0.0367553 0.0580299 1
0 0.467198 0.0922318 0.0353512 0.0627109 2
0 0.512296 0.173311 0.0330273 0.0537756 3
0 0.613956 0.184787 0.0329566 0.0520139 4
0 0.662663 0.106645 0.0318841 0.0596508 5
0 0.399748 0.156036 0.0352268 0.0569432 6
0 0.573473 0.100275 0.0324192 0.0576272 7
0 0.745295 0.131241 0.0321187 0.0579381 8
0 0.702542 0.190503 0.0327934 0.0504636 9
0 0.398474 0.0403308 0.0353716 0.0543172 10
0 0.301933 0.0365946 0.0360932 0.0571003 11
0 0.614528 0.0492392 0.0333244 0.0514578 12
