0 0.303587 0.156969 0.0355797 0.0558105 1
0 0.466867 0.0910197 0.035457 0.0642299 2
0 0.512921 0.173324 0.0326698 0.0523336 3
0 0.614144 0.18435 0.0320696 0.0501785 4
0 0.662763 0.105737 0.0319826 0.05956 5
0 0.399545 0.15668 0.0354403 0.0577214 6
0 0.573755 0.100915 0.0326535 0.0576542 7
0 0.745809 0.131544 0.0323791 0.0564765 8
0 0.70234 0.188576 0.0317864 0.0491255 9
0 0.399144 0.0401101 0.0360152 0.0535338 10
0 0.302307 0.0368857 0.0363028 0.0563968 11
0 0.615703 0.0490632 0.0323902 0.0496616 12
