0 0.303291 0.156552 0.0360029 0.0565418 1
0 0.467113 0.0921731 0.0353762 0.0623222 2
0 0.511793 0.173417 0.0324969 0.0525135 3
0 0.613842 0.185253 0.0332925 0.0522349 4
0 0.662193 0.105677 0.031851 0.0585875 5
0 0.399452 0.156 0.0357637 0.057975 6
0 0.572849 0.100641 0.0327368 0.0582165 7
0 0.745272 0.13133 0.0321081 0.0553735 8
0 0.70119 0.189631 0.0330747 0.050374 9
0 0.397572 0.0381586 0.0336656 0.0514719 10
0 0.302389 0.0356363 0.0362084 0.054475 11
0 0.615921 0.0495097 0.0344344 0.0521219 12
