0 0.574358 0.832181 0.0323368 0.0557787 1095
0 0.360925 0.820178 0.0365704 0.0584604 1096
0 0.264775 0.812535 0.0373438 0.0600014 1097
0 0.530911 0.884664 0.0340313 0.0576547 1099
0 0.425783 0.877244 0.0354877 0.0597481 1100
0 0.61761 0.892883 0.0337125 0.0587654 1101
0 0.698047 0.91614 0.0321461 0.0536095 1103
0 0.354883 0.934995 0.0378835 0.0479762 1116
0 0.259123 0.935774 0.0385173 0.0480026 1117
0 0.465835 0.950042 0.0379971 0.0414551 1120
0 0.566073 0.959251 0.0360035 0.0373799 1122
0 0.652135 0.965659 0.0359068 0.0361613 1124
