0 0.303317 0.157333 0.0367267 0.0564867 1
0 0.466912 0.0919747 0.0364643 0.06474 2
0 0.512311 0.172901 0.0333683 0.0532668 3
0 0.614169 0.184792 0.0327649 0.0509611 4
0 0.662339 0.105617 0.032377 0.0601976 5
0 0.399638 0.156886 0.0358641 0.0589611 6
0 0.573651 0.0999918 0.0320305 0.0571094 7
0 0.745895 0.131536 0.0325959 0.0585799 8
0 0.702065 0.189134 0.0329617 0.0508876 9
0 0.398761 0.0401577 0.0355583 0.053245 10
0 0.30267 0.0364949 0.0369573 0.0555827 11
0 0.616126 0.0503549 0.0325293 0.0492028 12
0 0.556358 0.839681 0.0258181 0.0498241 634
0 0.340026 0.109812 0.0331563 0.0534194 592
