0 0.303117 0.156998 0.0355378 0.0559629 1
0 0.466938 0.0914957 0.0346246 0.0612282 2
0 0.512091 0.173678 0.0330936 0.0528759 3
0 0.613828 0.184787 0.0330994 0.0521338 4
0 0.662232 0.106148 0.0322953 0.0599961 5
0 0.399839 0.156475 0.0356766 0.057938 6
0 0.573827 0.0994014 0.0326711 0.0578384 7
0 0.745056 0.131374 0.0318186 0.0566796 8
0 0.702045 0.189512 0.0322062 0.0480375 9
0 0.397728 0.0410047 0.0346003 0.0532384 10
0 0.302695 0.0365675 0.0368504 0.0569297 11
0 0.615592 0.0503797 0.0327472 0.0490244 12
