0 0.300908 0.346945 0.035929 0.055691 1
0 0.464905 0.28344 0.0345016 0.0625024 2
0 0.509676 0.3649 0.0337867 0.0524185 3
0 0.61144 0.373645 0.0333551 0.0508333 4
0 0.659681 0.298475 0.032716 0.0593498 5
0 0.397329 0.347278 0.0360168 0.057573 6
0 0.571371 0.290906 0.0318343 0.0571886 7
0 0.742801 0.323525 0.0314088 0.0572698 8
0 0.698913 0.381143 0.0335547 0.0478857 9
0 0.39723 0.229303 0.035458 0.0556172 10
0 0.301872 0.226484 0.037675 0.0558566 11
0 0.61397 0.242728 0.0326902 0.0509556 12
0 0.510566 0.234438 0.0299467 0.0484855 958
