0 0.303087 0.157139 0.0360012 0.0560071 1
0 0.467055 0.0923476 0.0357807 0.063535 2
0 0.512328 0.173332 0.0335525 0.0538348 3
0 0.614107 0.184276 0.0316979 0.0505192 4
0 0.662226 0.106341 0.0319693 0.0596729 5
0 0.399604 0.156226 0.0357943 0.0573448 6
0 0.573469 0.0999443 0.0328552 0.0575383 7
0 0.745778 0.131269 0.0324875 0.0564468 8
0 0.701448 0.190195 0.0332862 0.0508367 9
0 0.398542 0.0393156 0.0353127 0.0535572 10
0 0.302482 0.0366818 0.0361579 0.0561606 11
0 0.615645 0.0496497 0.032093 0.0487417 12
