0 0.303317 0.156917 0.0359558 0.0547262 1
0 0.466849 0.0919596 0.0354876 0.0635697 2
0 0.512352 0.173527 0.0332379 0.0528103 3
0 0.614544 0.184652 0.0325825 0.0505383 4
0 0.662423 0.105741 0.0316519 0.058972 5
0 0.399906 0.156226 0.0361965 0.0590556 6
0 0.573666 0.100682 0.0327953 0.0589265 7
0 0.745731 0.132246 0.0326336 0.0578481 8
0 0.702235 0.190024 0.0326374 0.0496303 9
0 0.398487 0.0394167 0.0351751 0.0522397 10
0 0.302337 0.0358972 0.0365982 0.0549786 11
0 0.615822 0.0510733 0.0325682 0.0487958 12
0 0.335837 0.0983021 0.0356967 0.0574216 592
