0 0.303784 0.156732 0.0359693 0.0565721 1
0 0.467493 0.0916791 0.034917 0.0629956 2
0 0.512867 0.173629 0.0329783 0.0528525 3
0 0.614221 0.184361 0.0322867 0.0506738 4
0 0.662529 0.105406 0.0320538 0.0594945 5
0 0.399605 0.156642 0.0356293 0.0579048 6
0 0.57345 0.101047 0.0326981 0.0577323 7
0 0.745215 0.131077 0.0324006 0.056316 8
0 0.702069 0.190037 0.033122 0.0508256 9
0 0.398973 0.0395255 0.0356487 0.0528983 10
0 0.302198 0.0363795 0.0363849 0.0567937 11
0 0.61571 0.0498168 0.0326146 0.0503662 12
