0 0.302835 0.156705 0.035956 0.0561047 1
0 0.466972 0.0914842 0.0360263 0.0633221 2
0 0.511959 0.173666 0.0322233 0.0520638 3
0 0.613878 0.185383 0.0332628 0.0521154 4
0 0.662069 0.106005 0.0325081 0.0597516 5
0 0.3995 0.155382 0.035681 0.0577872 6
0 0.573088 0.101566 0.03199 0.0570389 7
0 0.745543 0.130406 0.0322877 0.0556478 8
0 0.701232 0.189143 0.0330754 0.05141 9
0 0.397735 0.0396609 0.0343376 0.0523702 10
0 0.301823 0.0353794 0.0360724 0.0541739 11
0 0.615567 0.0489027 0.0348258 0.0532964 12
0 0.705739 0.0612078 0.0325278 0.0475256 399
