0 0.303543 0.155837 0.0366019 0.0575052 1
0 0.466976 0.0919917 0.0354341 0.0641054 2
0 0.512404 0.173505 0.0334672 0.0537931 3
0 0.61422 0.184174 0.0330292 0.0517823 4
0 0.663182 0.105828 0.0326724 0.060826 5
0 0.399811 0.15564 0.0361655 0.0591118 6
0 0.573672 0.100253 0.0322423 0.0569282 7
0 0.745473 0.130075 0.0309347 0.0542935 8
0 0.702433 0.189219 0.0327361 0.050996 9
0 0.398878 0.040325 0.0362522 0.0540093 10
0 0.302179 0.036345 0.0362878 0.0567652 11
0 0.615453 0.0500314 0.0316113 0.048549 12
