0 0.303273 0.156729 0.0350269 0.0562044 1
0 0.467169 0.0925723 0.034192 0.0615311 2
0 0.511517 0.172829 0.0316606 0.0515999 3
0 0.613732 0.184661 0.0318461 0.0508228 4
0 0.661821 0.106296 0.0318307 0.0589269 5
0 0.399898 0.156295 0.0351807 0.0572293 6
0 0.573876 0.10075 0.0331734 0.0583971 7
0 0.745193 0.13074 0.0313775 0.0559679 8
0 0.701678 0.189534 0.0320525 0.0494751 9
0 0.398093 0.0409974 0.0341112 0.0538247 10
0 0.302525 0.0355773 0.0352363 0.053964 11
0 0.614373 0.0493203 0.0316896 0.0489045 12
