0 0.30315 0.156213 0.0368009 0.0586541 1
0 0.46705 0.0911745 0.0359731 0.0639841 2
0 0.511601 0.173945 0.0337101 0.0543897 3
0 0.613536 0.185102 0.0331529 0.0524999 4
0 0.661886 0.106843 0.0324391 0.0600631 5
0 0.399783 0.155282 0.0362684 0.0588869 6
0 0.573208 0.100018 0.032116 0.0566463 7
0 0.744995 0.131405 0.0319831 0.0574884 8
0 0.701728 0.190666 0.033332 0.0504304 9
0 0.398167 0.0411231 0.0360564 0.0548236 10
0 0.301209 0.0370243 0.035548 0.0554598 11
0 0.614774 0.0497447 0.0335403 0.0507493 12
