0 0.303215 0.155567 0.0361632 0.0568267 1
0 0.467172 0.0928409 0.034575 0.0620737 2
0 0.511683 0.174234 0.0335702 0.0537989 3
0 0.613557 0.184456 0.0330681 0.0518737 4
0 0.662847 0.106148 0.0324564 0.0602858 5
0 0.399734 0.1546 0.0361642 0.0591067 6
0 0.573747 0.0998785 0.0328058 0.0580639 7
0 0.745475 0.129784 0.0319358 0.0566827 8
0 0.702341 0.190411 0.0332415 0.0516768 9
0 0.39913 0.040517 0.0351818 0.0518388 10
0 0.302262 0.037404 0.0368097 0.0576571 11
0 0.615577 0.0496377 0.0317228 0.0490167 12
