0 0.30271 0.161143 0.0356646 0.0566604 1
0 0.467053 0.0971614 0.0358669 0.064831 2
0 0.512366 0.180485 0.0327181 0.0533033 3
0 0.614017 0.19035 0.0333807 0.0528613 4
0 0.661874 0.11087 0.0323873 0.0606227 5
0 0.399487 0.16107 0.0353826 0.0574699 6
0 0.573842 0.103719 0.0323461 0.0577478 7
0 0.74621 0.134966 0.0313145 0.0564564 8
0 0.702505 0.194477 0.0346849 0.0524151 9
0 0.399008 0.045458 0.0375494 0.0576054 10
0 0.302616 0.0399105 0.0370399 0.0573979 11
0 0.616269 0.0549585 0.0311143 0.0473872 12
