0 0.303804 0.155719 0.0363598 0.0566083 1
0 0.467338 0.0919655 0.0355401 0.0643241 2
0 0.511886 0.173662 0.0330819 0.0532355 3
0 0.614456 0.184591 0.0333049 0.0519796 4
0 0.66279 0.105478 0.0322981 0.059037 5
0 0.400003 0.155541 0.0356285 0.058203 6
0 0.573636 0.0993477 0.0327084 0.0582128 7
0 0.745947 0.131275 0.0328754 0.0581732 8
0 0.702298 0.188343 0.0331288 0.049985 9
0 0.398529 0.0405768 0.0365226 0.0547857 10
0 0.30239 0.0359743 0.0374163 0.0572886 11
0 0.615545 0.0502964 0.0323592 0.0491339 12
