0 0.30366 0.155679 0.0377132 0.058974 1
0 0.466902 0.0921045 0.0352263 0.062019 2
0 0.511702 0.174412 0.0338574 0.0543295 3
0 0.613541 0.18394 0.0330186 0.0524729 4
0 0.662292 0.105973 0.0310308 0.0570049 5
0 0.3999 0.155647 0.0364925 0.0590773 6
0 0.573313 0.100353 0.0325654 0.0570009 7
0 0.745427 0.130342 0.0315586 0.0547488 8
0 0.702046 0.191178 0.033169 0.050579 9
0 0.398324 0.0402142 0.0348871 0.0530547 10
0 0.302222 0.0358377 0.0373057 0.0575444 11
0 0.614198 0.0491994 0.0325592 0.0502547 12
