0 0.303179 0.163196 0.0361176 0.057426 1
0 0.467172 0.099331 0.0343763 0.0616907 2
0 0.51154 0.18201 0.0326797 0.0529547 3
0 0.614449 0.191968 0.0323556 0.0508596 4
0 0.662502 0.113878 0.0317431 0.0592917 5
0 0.399334 0.162598 0.0359478 0.0584209 6
0 0.5738 0.10649 0.0328325 0.0588887 7
0 0.745504 0.138759 0.0315886 0.0573034 8
0 0.701942 0.195581 0.033603 0.0508892 9
0 0.399069 0.0462213 0.0360813 0.0561035 10
0 0.302235 0.0418537 0.037699 0.05866 11
0 0.615732 0.0567057 0.0319992 0.0490631 12
