0 0.303381 0.156157 0.0353165 0.0589808 1
0 0.467206 0.0916455 0.0343192 0.0624275 2
0 0.511455 0.173867 0.0310618 0.0529083 3
0 0.613951 0.185182 0.0315847 0.0517952 4
0 0.662021 0.106736 0.0319657 0.0592658 5
0 0.399724 0.155335 0.0359531 0.059364 6
0 0.573084 0.0994891 0.0331447 0.0579573 7
0 0.7447 0.130281 0.0323913 0.0576353 8
0 0.702237 0.190274 0.0336071 0.0518019 9
0 0.397788 0.0399617 0.0340965 0.0548194 10
0 0.301763 0.0360703 0.0352784 0.0560382 11
0 0.615437 0.0500425 0.0319417 0.0497222 12
