0 0.30342 0.156476 0.0370032 0.0582458 1
0 0.467425 0.0922936 0.0353953 0.0623733 2
0 0.512364 0.173475 0.0323402 0.0526584 3
0 0.61393 0.184656 0.0329689 0.0519554 4
0 0.662674 0.106963 0.0322249 0.0603097 5
0 0.399612 0.155783 0.0354363 0.0574095 6
0 0.57363 0.1004 0.0325993 0.0580729 7
0 0.745451 0.131037 0.031489 0.0567851 8
0 0.702494 0.190231 0.032484 0.0499815 9
0 0.398363 0.0399409 0.0352927 0.0540254 10
0 0.301976 0.0364007 0.0362452 0.0572365 11
0 0.614839 0.0491148 0.0331538 0.0512308 12
