0 0.303336 0.156803 0.0366858 0.0576645 1
0 0.467093 0.0921061 0.0354704 0.0634429 2
0 0.512208 0.173187 0.0326151 0.0524635 3
0 0.613821 0.184756 0.0324503 0.0507248 4
0 0.662063 0.105271 0.0323908 0.0596568 5
0 0.400256 0.155591 0.0364031 0.0593359 6
0 0.573078 0.100777 0.0322084 0.057328 7
0 0.745583 0.13154 0.0313681 0.0549838 8
0 0.701579 0.190209 0.0326494 0.0508657 9
0 0.398081 0.040247 0.0341708 0.053451 10
0 0.302992 0.0364774 0.0366448 0.0560081 11
0 0.615484 0.0496574 0.0326771 0.0496803 12
