0 0.303244 0.156959 0.0358853 0.0560614 1
0 0.467211 0.0921515 0.0345993 0.0616605 2
0 0.512156 0.173472 0.0338048 0.0534399 3
0 0.614021 0.184446 0.0321931 0.0506449 4
0 0.662367 0.105811 0.031998 0.0592792 5
0 0.399977 0.15594 0.0355866 0.0569682 6
0 0.573034 0.101011 0.0326791 0.0584314 7
0 0.745457 0.131111 0.0325266 0.0566205 8
0 0.701545 0.189093 0.0329226 0.0499658 9
0 0.398818 0.0401916 0.0351647 0.0536019 10
0 0.302327 0.0358323 0.0365491 0.0544331 11
0 0.614864 0.0498152 0.0325446 0.0495383 12
