0 0.296057 0.757161 0.0363978 0.0548093 1
0 0.461046 0.690075 0.0340546 0.0603267 2
0 0.503632 0.765847 0.033801 0.0506978 3
0 0.605638 0.76986 0.0322024 0.0462174 4
0 0.654369 0.697346 0.0334576 0.0614819 5
0 0.392278 0.753342 0.0354669 0.0558484 6
0 0.566426 0.693331 0.0330997 0.0597965 7
0 0.73731 0.718129 0.0307645 0.0558324 8
0 0.692901 0.773045 0.0322696 0.0454971 9
0 0.393796 0.637818 0.0357689 0.0559078 10
0 0.297847 0.636993 0.0367513 0.0581323 11
0 0.608972 0.639945 0.0332972 0.0555211 12
