0 0.303444 0.156445 0.0379417 0.0600296 1
0 0.46739 0.0921772 0.0350242 0.0619814 2
0 0.511743 0.173272 0.0328878 0.0527865 3
0 0.613479 0.184593 0.0323644 0.051272 4
0 0.661994 0.106072 0.0313605 0.0582354 5
0 0.399934 0.15558 0.0361352 0.0589028 6
0 0.573032 0.0998527 0.0323462 0.0577837 7
0 0.744985 0.131753 0.0312145 0.0555787 8
0 0.70187 0.190941 0.0334522 0.0503671 9
0 0.397917 0.0409273 0.0347421 0.0536383 10
0 0.301217 0.0368342 0.0361671 0.0562097 11
0 0.615169 0.0505891 0.0327455 0.0496312 12
