0 0.57175 0.818984 0.0327405 0.0570254 1095
0 0.357543 0.801456 0.0371222 0.0598165 1096
0 0.261614 0.792609 0.0374486 0.0600246 1097
0 0.526781 0.869406 0.0340464 0.0595065 1099
0 0.421949 0.859082 0.0341767 0.0596665 1100
0 0.61374 0.880287 0.0325207 0.0578888 1101
0 0.69393 0.905984 0.0314612 0.0533356 1103
0 0.350381 0.914571 0.0382345 0.0505231 1116
0 0.254485 0.914229 0.0386417 0.0496163 1117
0 0.461002 0.934275 0.0366749 0.0426845 1120
0 0.561893 0.944754 0.0343448 0.0373227 1122
0 0.647899 0.952886 0.0352006 0.0369082 1124
