0 0.303602 0.15534 0.0364011 0.0560082 1
0 0.467221 0.0910584 0.0351634 0.0630499 2
0 0.511733 0.174059 0.0325871 0.0523274 3
0 0.614075 0.184356 0.0328993 0.0514086 4
0 0.662594 0.105613 0.0320976 0.0587348 5
0 0.399596 0.155313 0.0358131 0.0589283 6
0 0.573795 0.0998475 0.0318068 0.0566118 7
0 0.746054 0.130696 0.0317845 0.0563051 8
0 0.702339 0.188407 0.0326784 0.0488786 9
0 0.398985 0.0402996 0.0362411 0.0543415 10
0 0.302347 0.0361584 0.0370714 0.0568066 11
0 0.615207 0.0501991 0.0324257 0.0491012 12
