0 0.303621 0.156591 0.0357945 0.0558711 1
0 0.467311 0.0929889 0.0354258 0.0643601 2
0 0.512542 0.173194 0.0329488 0.053213 3
0 0.614083 0.184504 0.0317296 0.0496781 4
0 0.662678 0.106265 0.0318774 0.0591637 5
0 0.399802 0.156181 0.035192 0.0572988 6
0 0.57372 0.098903 0.0331282 0.0588884 7
0 0.746679 0.131079 0.0329212 0.0574856 8
0 0.702 0.188785 0.0324238 0.0487197 9
0 0.399258 0.039567 0.0359139 0.0529815 10
0 0.302444 0.0363695 0.0359717 0.0553339 11
0 0.615843 0.0484856 0.0330007 0.0507108 12
