0 0.30348 0.177402 0.0365621 0.0569919 1
0 0.467368 0.114246 0.0346607 0.0621418 2
0 0.511547 0.196981 0.0331149 0.0534982 3
0 0.613399 0.208585 0.0335344 0.0525672 4
0 0.661892 0.129646 0.0313216 0.0578528 5
0 0.399964 0.177404 0.0367912 0.0595023 6
0 0.573878 0.122188 0.0327592 0.058997 7
0 0.745684 0.154598 0.0325075 0.059082 8
0 0.702219 0.213347 0.0341406 0.0513804 9
0 0.397906 0.0613917 0.033959 0.0499447 10
0 0.302411 0.0570923 0.0364255 0.0554296 11
0 0.616416 0.0741699 0.0331482 0.0508869 12
