0 0.303828 0.155525 0.0361119 0.0553533 1
0 0.46736 0.0908924 0.0349995 0.0626028 2
0 0.51181 0.174158 0.0325057 0.0521053 3
0 0.613914 0.184249 0.0329721 0.0516569 4
0 0.662581 0.105773 0.0321256 0.0587816 5
0 0.399753 0.155496 0.0356418 0.058623 6
0 0.573857 0.0996547 0.0318905 0.0566808 7
0 0.74592 0.130934 0.0322121 0.0569805 8
0 0.702406 0.188535 0.0328143 0.0491023 9
0 0.399043 0.0405414 0.0358689 0.053786 10
0 0.302461 0.0362088 0.0372851 0.0570137 11
0 0.615075 0.0502178 0.0323031 0.0489172 12
