0 0.564441 0.815897 0.0321129 0.0543153 1095
0 0.350645 0.789236 0.0359187 0.05852 1096
0 0.255443 0.777047 0.0389528 0.0629565 1097
0 0.5185 0.865316 0.0337338 0.0594573 1099
0 0.413885 0.851598 0.0349384 0.0627448 1100
0 0.605309 0.87973 0.0334068 0.0591157 1101
0 0.684265 0.908135 0.0302274 0.0523488 1103
0 0.342323 0.905088 0.0347866 0.0487328 1116
0 0.24605 0.897058 0.0362512 0.049439 1117
0 0.452178 0.926458 0.0337465 0.0406306 1120
0 0.55289 0.940996 0.0332971 0.0366202 1122
0 0.63794 0.952607 0.033847 0.0362501 1124
