0 0.558842 0.835958 0.0325102 0.0561573 1095
0 0.345813 0.803448 0.0367816 0.0605623 1096
0 0.250253 0.790047 0.0386996 0.0641624 1097
0 0.512634 0.883213 0.0331789 0.058093 1099
0 0.40899 0.867109 0.036341 0.0645048 1100
0 0.598671 0.900713 0.0321959 0.0575694 1101
0 0.677764 0.931157 0.029905 0.0507704 1103
0 0.335726 0.917232 0.0357211 0.0497501 1116
0 0.239533 0.908981 0.0366344 0.0490325 1117
0 0.44614 0.943332 0.0342387 0.039433 1120
0 0.546168 0.960824 0.033269 0.0356648 1122
0 0.630604 0.97414 0.0339128 0.0361084 1124
