0 0.303089 0.156668 0.0361735 0.0558443 1
0 0.467181 0.0919363 0.035383 0.0634816 2
0 0.512547 0.173195 0.0322659 0.0520132 3
0 0.614479 0.18465 0.0324424 0.0506438 4
0 0.662376 0.106203 0.0314462 0.0591186 5
0 0.399939 0.157059 0.0358507 0.0585073 6
0 0.573859 0.0999029 0.0329711 0.0589499 7
0 0.745382 0.131093 0.0319728 0.0561405 8
0 0.701615 0.188529 0.0322898 0.0488802 9
0 0.398253 0.0406047 0.0358451 0.0532587 10
0 0.302836 0.0361464 0.0363986 0.0558315 11
0 0.616189 0.0502745 0.032299 0.0488382 12
