0 0.303327 0.156424 0.0369352 0.0577001 1
0 0.466893 0.0920919 0.0355738 0.0627877 2
0 0.512546 0.173909 0.0329401 0.0531627 3
0 0.61361 0.184817 0.0325236 0.0512538 4
0 0.661909 0.105366 0.0336083 0.0619388 5
0 0.399568 0.15658 0.0351087 0.0568023 6
0 0.57331 0.101037 0.0326254 0.0585466 7
0 0.745167 0.130691 0.032171 0.0564317 8
0 0.701719 0.189011 0.0315765 0.0492972 9
0 0.398641 0.0408877 0.0363093 0.055112 10
0 0.302292 0.0366062 0.0368459 0.0555614 11
0 0.615682 0.0503122 0.0317837 0.0494116 12
