0 0.303503 0.156913 0.036934 0.0579025 1
0 0.46713 0.0917733 0.0344794 0.0625686 2
0 0.512393 0.173722 0.0334026 0.0539332 3
0 0.614147 0.184559 0.0323765 0.0511847 4
0 0.662114 0.106233 0.032137 0.0593644 5
0 0.400073 0.155839 0.0355439 0.0577007 6
0 0.573715 0.0994281 0.0322379 0.0571256 7
0 0.745635 0.130966 0.0317449 0.0554122 8
0 0.701793 0.189617 0.0325128 0.0491489 9
0 0.39847 0.0397575 0.0358238 0.0538288 10
0 0.302789 0.0358631 0.0360896 0.0550012 11
0 0.615382 0.0494621 0.0319192 0.0500186 12
