0 0.302719 0.230501 0.0369286 0.0573882 1
0 0.466452 0.167845 0.0350472 0.0627167 2
0 0.510642 0.250059 0.0338202 0.0536976 3
0 0.612347 0.261385 0.0327188 0.0504759 4
0 0.661391 0.183843 0.0316327 0.0582462 5
0 0.398795 0.231082 0.0362453 0.0583209 6
0 0.572833 0.17614 0.0326649 0.0593148 7
0 0.745464 0.20853 0.0323694 0.0594117 8
0 0.700947 0.266298 0.0328774 0.0477851 9
0 0.398668 0.11556 0.0364478 0.0535229 10
0 0.303037 0.108615 0.0366073 0.0534301 11
0 0.614966 0.126039 0.0335029 0.0502833 12
0 0.906573 0.824733 0.0356057 0.067566 881
