0 0.303495 0.156405 0.0369356 0.0585642 1
0 0.467138 0.0920847 0.0348433 0.0637973 2
0 0.51198 0.174138 0.0323339 0.0523985 3
0 0.61365 0.185512 0.0329736 0.0523969 4
0 0.66252 0.105159 0.0315066 0.0579301 5
0 0.399855 0.155544 0.0368979 0.0594417 6
0 0.573963 0.0998349 0.0321928 0.0578314 7
0 0.745374 0.130881 0.0324455 0.056733 8
0 0.702369 0.189419 0.0321503 0.0477236 9
0 0.39812 0.0396802 0.0345701 0.0523794 10
0 0.303118 0.036072 0.0365393 0.0557314 11
0 0.615068 0.0484238 0.0324339 0.0501106 12
