0 0.302939 0.193058 0.0366094 0.0568577 1
0 0.466752 0.128849 0.03616 0.0652829 2
0 0.511944 0.212167 0.0333256 0.053591 3
0 0.613074 0.222894 0.0335388 0.0528209 4
0 0.662248 0.144964 0.0318261 0.0585313 5
0 0.399173 0.192296 0.0351282 0.056477 6
0 0.573457 0.138447 0.0327778 0.0594733 7
0 0.744907 0.169945 0.0310402 0.0565594 8
0 0.701061 0.228137 0.0337739 0.0508575 9
0 0.398108 0.0766656 0.0356372 0.0518779 10
0 0.303043 0.0699988 0.0365251 0.0538161 11
0 0.61583 0.0886852 0.0337016 0.0519003 12
