0 0.303475 0.156663 0.036415 0.0562054 1
0 0.467135 0.0921974 0.0341134 0.0612388 2
0 0.512098 0.173355 0.0321112 0.0515427 3
0 0.614228 0.184231 0.0319226 0.0498527 4
0 0.662639 0.105899 0.031941 0.0583876 5
0 0.399764 0.155174 0.0353946 0.0581907 6
0 0.573389 0.0989613 0.0317524 0.0564892 7
0 0.745436 0.131109 0.0311749 0.0550893 8
0 0.702262 0.18868 0.0317473 0.0475135 9
0 0.399021 0.0394971 0.035755 0.0535564 10
0 0.302815 0.0352573 0.036582 0.0558335 11
0 0.61608 0.0500213 0.0332827 0.0505771 12
