0 0.303322 0.156846 0.0361452 0.055557 1
0 0.466674 0.0918828 0.03602 0.0640116 2
0 0.512429 0.173134 0.0332705 0.0525954 3
0 0.614052 0.184686 0.0329906 0.0515952 4
0 0.662149 0.105718 0.0319087 0.0592085 5
0 0.399502 0.156094 0.0351277 0.0573383 6
0 0.573633 0.100046 0.0328625 0.0582493 7
0 0.745509 0.131955 0.0333127 0.0589165 8
0 0.701582 0.188992 0.0327722 0.0497229 9
0 0.398823 0.0404154 0.0355381 0.0523325 10
0 0.302846 0.0359486 0.0368632 0.055773 11
0 0.615767 0.0499399 0.0328492 0.0495383 12
