0 0.303089 0.159805 0.0344529 0.0547422 1
0 0.466992 0.0956069 0.0345213 0.0620107 2
0 0.511782 0.177673 0.0328962 0.0538899 3
0 0.613871 0.187598 0.0338772 0.0535553 4
0 0.662459 0.109207 0.0330148 0.0619283 5
0 0.39927 0.158701 0.0349268 0.0570845 6
0 0.573872 0.102602 0.0326357 0.0581082 7
0 0.746252 0.133149 0.0319262 0.057502 8
0 0.702715 0.192389 0.0336782 0.0507217 9
0 0.398171 0.0431092 0.035043 0.0531552 10
0 0.301894 0.0377472 0.0369914 0.0575289 11
0 0.615705 0.0532276 0.0326678 0.0498093 12
