0 0.304092 0.15575 0.0370498 0.0567785 1
0 0.467554 0.0920786 0.034992 0.0625208 2
0 0.511717 0.173846 0.0326543 0.0522208 3
0 0.614134 0.1849 0.034025 0.0531786 4
0 0.663019 0.10545 0.0315531 0.058711 5
0 0.399887 0.15652 0.0359085 0.0585334 6
0 0.574272 0.0996996 0.0317312 0.0567371 7
0 0.745605 0.131141 0.0315402 0.0559734 8
0 0.70234 0.190167 0.0323068 0.0491231 9
0 0.398394 0.0413351 0.035919 0.0537968 10
0 0.302372 0.035273 0.0363838 0.0546654 11
0 0.615639 0.0504534 0.0324572 0.0488328 12
