0 0.303424 0.156871 0.0354509 0.0564752 1
0 0.466955 0.0921997 0.0350657 0.0625933 2
0 0.512044 0.17386 0.0324756 0.0517149 3
0 0.613664 0.184995 0.033102 0.0522065 4
0 0.662149 0.106232 0.0315226 0.0591891 5
0 0.399625 0.156433 0.0361136 0.0587584 6
0 0.573534 0.0998166 0.0338575 0.0599151 7
0 0.745433 0.130891 0.0313428 0.0557005 8
0 0.702111 0.190516 0.0331758 0.0503136 9
0 0.398661 0.0403295 0.0353486 0.0536448 10
0 0.302664 0.0345143 0.0349958 0.0544551 11
0 0.615477 0.0506303 0.0324553 0.0489266 12
