0 0.303213 0.156869 0.0365811 0.0570501 1
0 0.466498 0.0920256 0.0354805 0.0623972 2
0 0.512539 0.173447 0.0329454 0.0527665 3
0 0.614048 0.184615 0.0324448 0.0514807 4
0 0.662062 0.105835 0.0311061 0.0572811 5
0 0.399884 0.157059 0.0362991 0.0586821 6
0 0.573527 0.101266 0.0327973 0.0573821 7
0 0.745595 0.130024 0.0317169 0.0548017 8
0 0.70175 0.190066 0.0331446 0.050575 9
0 0.397879 0.0393212 0.0353552 0.0539448 10
0 0.301788 0.0355805 0.036106 0.0556612 11
0 0.614766 0.0496331 0.0326793 0.0507633 12
