0 0.303005 0.156314 0.0363639 0.0576319 1
0 0.466823 0.0910422 0.0347761 0.0636629 2
0 0.512476 0.172834 0.0326156 0.0528489 3
0 0.613881 0.184894 0.0323792 0.0512633 4
0 0.662609 0.106636 0.03188 0.0586501 5
0 0.399993 0.15569 0.0365935 0.0590896 6
0 0.574159 0.100672 0.0330355 0.0594726 7
0 0.745887 0.130766 0.0323067 0.056153 8
0 0.702273 0.190361 0.032918 0.048985 9
0 0.398385 0.0397373 0.0345343 0.0521787 10
0 0.303131 0.0356575 0.0367477 0.0559907 11
0 0.615636 0.0491129 0.0325537 0.0502135 12
