0 0.303941 0.155809 0.0365796 0.056584 1
0 0.467233 0.0923895 0.0349164 0.0622189 2
0 0.511826 0.173751 0.0334454 0.0536444 3
0 0.614106 0.185423 0.0339774 0.0532834 4
0 0.662838 0.105127 0.032027 0.0593599 5
0 0.400028 0.155331 0.0358073 0.058676 6
0 0.573611 0.099575 0.0320452 0.0570577 7
0 0.744977 0.130712 0.0311037 0.0563932 8
0 0.702292 0.189395 0.0336558 0.05093 9
0 0.398164 0.0392853 0.0349977 0.0521422 10
0 0.303084 0.0362382 0.0366956 0.056044 11
0 0.616011 0.0506718 0.0323494 0.0489559 12
