0 0.57798 0.855126 0.0326403 0.0547356 1095
0 0.363893 0.846635 0.0387449 0.0602899 1096
0 0.267988 0.843265 0.0391238 0.0613226 1097
0 0.534275 0.908201 0.0367418 0.0584802 1099
0 0.429132 0.902603 0.0377472 0.0595598 1100
0 0.620831 0.91502 0.0343222 0.0568882 1101
0 0.702447 0.93606 0.0340187 0.0539379 1103
0 0.359116 0.963588 0.042277 0.0495722 1116
0 0.262459 0.96523 0.0411396 0.0483524 1117
0 0.47046 0.974474 0.0391373 0.0394349 1120
0 0.57125 0.98161 0.0376236 0.0367792 1122
0 0.657012 0.983245 0.0350526 0.0335108 1124
