0 0.303324 0.155956 0.0374072 0.0583455 1
0 0.467482 0.0909631 0.0359355 0.0629524 2
0 0.511147 0.174477 0.0324973 0.0527365 3
0 0.613708 0.185078 0.0332419 0.0523798 4
0 0.661556 0.105456 0.0310296 0.056647 5
0 0.399532 0.155783 0.0366388 0.0596331 6
0 0.573675 0.0991953 0.0327614 0.0583967 7
0 0.745505 0.130744 0.032735 0.0564206 8
0 0.701429 0.189589 0.0319873 0.0502002 9
0 0.398554 0.0401428 0.0352951 0.0528892 10
0 0.302239 0.0367564 0.0362077 0.054279 11
0 0.615443 0.0491096 0.0332426 0.0515175 12
