0 0.303695 0.15764 0.0362614 0.0569035 1
0 0.467273 0.0919787 0.0351746 0.063794 2
0 0.512702 0.173198 0.0328088 0.0531318 3
0 0.614069 0.184971 0.0322226 0.0506976 4
0 0.662334 0.106274 0.0316621 0.0591692 5
0 0.400045 0.157146 0.0351254 0.0574496 6
0 0.573561 0.100274 0.033177 0.0585813 7
0 0.745829 0.130613 0.0313928 0.0565069 8
0 0.702244 0.189474 0.0320987 0.0479444 9
0 0.39862 0.0409287 0.0360135 0.0545142 10
0 0.302557 0.0362295 0.0365355 0.0557351 11
0 0.615325 0.0498214 0.0332064 0.0496429 12
