0 0.303861 0.156284 0.0366563 0.0578498 1
0 0.46734 0.0920091 0.035361 0.0628868 2
0 0.511569 0.174112 0.0332195 0.053658 3
0 0.613592 0.185036 0.0330484 0.0528121 4
0 0.661956 0.106822 0.0321235 0.0593549 5
0 0.400183 0.155723 0.0366664 0.060044 6
0 0.574285 0.100526 0.0318496 0.0566162 7
0 0.744941 0.130878 0.0310532 0.0562169 8
0 0.702061 0.190609 0.0335095 0.0503556 9
0 0.398741 0.0400001 0.0360628 0.0542596 10
0 0.302698 0.0354918 0.0366296 0.0563081 11
0 0.615693 0.0496126 0.0327411 0.049475 12
