0 0.303328 0.156854 0.0368569 0.0572531 1
0 0.466954 0.0923268 0.0349746 0.0626208 2
0 0.512376 0.172783 0.0322266 0.0520566 3
0 0.614168 0.184916 0.0326758 0.05128 4
0 0.66204 0.106031 0.0324079 0.0601632 5
0 0.399919 0.155561 0.0350548 0.0570716 6
0 0.574358 0.0982841 0.0336412 0.0593701 7
0 0.745171 0.131144 0.0317459 0.0554806 8
0 0.701943 0.18947 0.0331084 0.0515023 9
0 0.398419 0.0408917 0.0353198 0.0545551 10
0 0.302083 0.0358865 0.0359154 0.0544176 11
0 0.61518 0.0497534 0.0330137 0.0507758 12
