0 0.299323 0.507181 0.0350062 0.0527061 1
0 0.463596 0.443555 0.0350441 0.0628406 2
0 0.507157 0.524473 0.0330756 0.0490038 3
0 0.609351 0.531724 0.0335215 0.0497115 4
0 0.657033 0.456592 0.0326527 0.0592582 5
0 0.395029 0.507302 0.0343669 0.0536782 6
0 0.56959 0.450717 0.0331108 0.0603004 7
0 0.74127 0.479303 0.0317414 0.0574752 8
0 0.696297 0.535955 0.0337263 0.0483484 9
0 0.396244 0.391296 0.0354107 0.0547764 10
0 0.300817 0.387776 0.0368268 0.0562859 11
0 0.611668 0.400025 0.0318477 0.051919 12
