0 0.303217 0.156516 0.0364177 0.0582065 1
0 0.46671 0.0920923 0.0346544 0.0612681 2
0 0.511795 0.173041 0.0332506 0.0533835 3
0 0.613664 0.184357 0.0332331 0.0527357 4
0 0.661979 0.107176 0.0324421 0.0603644 5
0 0.399994 0.155557 0.0361504 0.0589382 6
0 0.573361 0.0998616 0.0320397 0.0560813 7
0 0.744551 0.130866 0.0310544 0.0559334 8
0 0.701925 0.189973 0.032585 0.0494252 9
0 0.397806 0.0413219 0.0356651 0.0548854 10
0 0.302332 0.0357161 0.0360916 0.0555964 11
0 0.614811 0.0496671 0.0322482 0.0492259 12
