0 0.303874 0.157135 0.0380418 0.0600684 1
0 0.467365 0.0924034 0.0349381 0.0633001 2
0 0.512076 0.174134 0.0327786 0.0529786 3
0 0.613676 0.185064 0.0332659 0.0526613 4
0 0.662298 0.105607 0.0318818 0.0594866 5
0 0.399954 0.15561 0.0361331 0.0591097 6
0 0.573557 0.0997867 0.032684 0.0578173 7
0 0.745373 0.130537 0.0313091 0.0564541 8
0 0.702502 0.189916 0.0327525 0.0488494 9
0 0.398705 0.041406 0.0358965 0.0542177 10
0 0.302543 0.0367772 0.0372405 0.0570269 11
0 0.615193 0.0497898 0.0340312 0.0511477 12
