0 0.303669 0.157718 0.0355869 0.0565966 1
0 0.467492 0.0925736 0.0351974 0.0628158 2
0 0.512439 0.174311 0.0329343 0.0531429 3
0 0.614053 0.185077 0.0321462 0.050605 4
0 0.662569 0.106344 0.0324386 0.0606824 5
0 0.399708 0.156347 0.0357104 0.0584872 6
0 0.573497 0.100198 0.0328258 0.058268 7
0 0.745154 0.130519 0.0321265 0.0579403 8
0 0.702012 0.190548 0.0343646 0.0513315 9
0 0.399016 0.0405133 0.0346988 0.0520652 10
0 0.302723 0.0366053 0.0366593 0.0567258 11
0 0.616212 0.0515167 0.0325696 0.0493775 12
