0 0.303321 0.157054 0.036096 0.0562093 1
0 0.467653 0.0916474 0.03605 0.0648216 2
0 0.512738 0.173858 0.0330879 0.0536839 3
0 0.613987 0.183815 0.0320493 0.050762 4
0 0.66249 0.105846 0.0321314 0.0589122 5
0 0.399614 0.156918 0.0357552 0.0577877 6
0 0.57325 0.100878 0.0326075 0.0574944 7
0 0.745322 0.13102 0.0320727 0.0563789 8
0 0.70176 0.190085 0.0333095 0.0506516 9
0 0.399534 0.0400061 0.0355651 0.0530811 10
0 0.302151 0.0366396 0.0365379 0.0567367 11
0 0.615676 0.0497454 0.0330731 0.0504948 12
