0 0.303193 0.157159 0.0372057 0.0581865 1
0 0.467041 0.0920631 0.0349366 0.0627362 2
0 0.512258 0.173161 0.0325682 0.0523743 3
0 0.613798 0.18421 0.032513 0.0512203 4
0 0.662206 0.106137 0.0317149 0.058726 5
0 0.400039 0.15597 0.0355606 0.0570796 6
0 0.573891 0.0995381 0.0323733 0.0569902 7
0 0.745158 0.130705 0.0322538 0.0559751 8
0 0.701698 0.189429 0.0325046 0.0500835 9
0 0.39881 0.0398809 0.035533 0.0538577 10
0 0.302746 0.0354355 0.0360235 0.0545464 11
0 0.615383 0.0499256 0.0319282 0.0499382 12
0 0.906287 0.821594 0.0329513 0.0579242 303
