0 0.30305 0.174581 0.0364833 0.0570875 1
0 0.466986 0.111385 0.033911 0.0607365 2
0 0.51092 0.19299 0.0319173 0.0515232 3
0 0.613549 0.204061 0.0327158 0.0514492 4
0 0.661709 0.126134 0.0305232 0.056676 5
0 0.399885 0.174327 0.0363432 0.0585198 6
0 0.574332 0.119369 0.0317544 0.056911 7
0 0.745523 0.151171 0.0314748 0.0570311 8
0 0.701784 0.208157 0.0336686 0.0505684 9
0 0.398959 0.0596899 0.0341865 0.0504552 10
0 0.302884 0.0535589 0.0364289 0.0557064 11
0 0.616309 0.0702345 0.0339855 0.0521995 12
