0 0.572896 0.823489 0.0319855 0.0556081 1095
0 0.358917 0.80732 0.0367779 0.0587328 1096
0 0.263252 0.799344 0.0374973 0.0599084 1097
0 0.528615 0.875825 0.035131 0.0609958 1099
0 0.423537 0.865422 0.0348465 0.0607602 1100
0 0.615932 0.883823 0.0337458 0.0602206 1101
0 0.695398 0.909087 0.0312973 0.0524147 1103
0 0.352182 0.92273 0.0376741 0.0487611 1116
0 0.256065 0.921736 0.0374909 0.0472306 1117
0 0.463683 0.940453 0.0347136 0.0390448 1120
0 0.563446 0.950259 0.0354707 0.0376689 1122
0 0.648712 0.955815 0.0339635 0.0350524 1124
