0 0.303551 0.157261 0.0354116 0.0554911 1
0 0.466851 0.0919521 0.0355418 0.0642002 2
0 0.513471 0.173928 0.033713 0.0539191 3
0 0.614554 0.183882 0.0326151 0.0510585 4
0 0.662813 0.105739 0.03209 0.0596746 5
0 0.399629 0.156463 0.0356405 0.0581326 6
0 0.573469 0.100928 0.0327202 0.0577581 7
0 0.745895 0.131423 0.0313404 0.0548005 8
0 0.702194 0.188662 0.0321759 0.0499381 9
0 0.399237 0.0397416 0.0363238 0.0541084 10
0 0.302384 0.0363222 0.0357116 0.0558616 11
0 0.615311 0.0490621 0.0321506 0.0495667 12
