0 0.564837 0.814713 0.0315584 0.0533891 1095
0 0.351258 0.788338 0.0362652 0.0590791 1096
0 0.255735 0.777509 0.0401252 0.0648517 1097
0 0.519786 0.86573 0.0336906 0.0594278 1099
0 0.414409 0.851139 0.0342302 0.061225 1100
0 0.606298 0.877683 0.0332701 0.05864 1101
0 0.685328 0.907008 0.0305492 0.0528811 1103
0 0.342629 0.904428 0.0352076 0.049452 1116
0 0.246208 0.897259 0.0364753 0.0498255 1117
0 0.453289 0.92617 0.0347952 0.0418275 1120
0 0.553235 0.941275 0.0335799 0.0370293 1122
0 0.638736 0.952086 0.0338685 0.0361092 1124
