0 0.303502 0.155375 0.0349085 0.0575923 1
0 0.467033 0.0925785 0.0345951 0.0626551 2
0 0.511602 0.174046 0.0320307 0.0541762 3
0 0.613828 0.184151 0.0318312 0.0518742 4
0 0.661783 0.106197 0.0313401 0.0578394 5
0 0.399744 0.1554 0.0354987 0.058472 6
0 0.573233 0.100117 0.0323166 0.0566553 7
0 0.745934 0.130718 0.0321074 0.0571632 8
0 0.701854 0.189435 0.0327869 0.0504695 9
0 0.398662 0.0403996 0.0347607 0.0554606 10
0 0.301657 0.0367264 0.0354628 0.0558222 11
0 0.615093 0.0508676 0.0337295 0.0523283 12
