0 0.303172 0.156551 0.0363019 0.0559714 1
0 0.466686 0.0911122 0.0358889 0.0637275 2
0 0.511735 0.173447 0.0332126 0.0523669 3
0 0.613612 0.185039 0.0324153 0.0504229 4
0 0.662361 0.106054 0.031918 0.0589285 5
0 0.399614 0.156031 0.0352817 0.0575696 6
0 0.573473 0.100132 0.0326195 0.0579718 7
0 0.745565 0.131288 0.0324439 0.0563129 8
0 0.701568 0.189577 0.032553 0.0493237 9
0 0.398876 0.0400139 0.0354887 0.0524425 10
0 0.302545 0.0369336 0.0363569 0.0549353 11
0 0.615865 0.0509179 0.0317898 0.0476457 12
