0 0.30311 0.156549 0.0341916 0.057098 1
0 0.466866 0.0929182 0.034734 0.0631983 2
0 0.512103 0.173643 0.0303101 0.0516294 3
0 0.614261 0.184338 0.0308249 0.0505766 4
0 0.662111 0.106298 0.0328815 0.0609562 5
0 0.400069 0.157111 0.0347725 0.0574066 6
0 0.573254 0.101137 0.0339761 0.0593843 7
0 0.745244 0.131441 0.0327581 0.0582731 8
0 0.701675 0.189793 0.0332074 0.0511364 9
0 0.398675 0.0401915 0.0340466 0.0548115 10
0 0.302687 0.0359314 0.0341488 0.0542228 11
0 0.615672 0.0498653 0.032039 0.0499029 12
