0 0.3033 0.156494 0.0369316 0.0566989 1
0 0.467549 0.0920864 0.0348865 0.0626708 2
0 0.512279 0.173448 0.0329261 0.0525729 3
0 0.614427 0.184208 0.0318133 0.050065 4
0 0.662689 0.105429 0.0323231 0.0588523 5
0 0.399992 0.156278 0.0357486 0.0588277 6
0 0.573352 0.0993265 0.0327265 0.0577282 7
0 0.746089 0.130928 0.0324123 0.057043 8
0 0.702433 0.188047 0.0331676 0.0482761 9
0 0.398791 0.0407431 0.0361985 0.0539534 10
0 0.302558 0.0354284 0.0361645 0.0542829 11
0 0.61578 0.0495959 0.0323656 0.0493437 12
