0 0.303834 0.156423 0.0357133 0.0547448 1
0 0.467101 0.0917725 0.0347018 0.0619876 2
0 0.512103 0.173528 0.0327605 0.0525674 3
0 0.614101 0.184666 0.0327014 0.0511904 4
0 0.662788 0.105738 0.0318319 0.0582848 5
0 0.399958 0.155819 0.0353426 0.0581218 6
0 0.573547 0.100108 0.0321254 0.0571418 7
0 0.746122 0.130889 0.0317204 0.055873 8
0 0.702059 0.188199 0.0321425 0.0481448 9
0 0.398629 0.040074 0.0356398 0.0536384 10
0 0.302783 0.0358069 0.0361948 0.0552964 11
0 0.61599 0.0496564 0.0320044 0.0486013 12
