0 0.303374 0.156845 0.0357185 0.055748 1
0 0.466865 0.0919705 0.0347818 0.0611592 2
0 0.512164 0.17295 0.0329321 0.0527086 3
0 0.6139 0.184016 0.0327343 0.0515302 4
0 0.66183 0.106431 0.0318108 0.0588186 5
0 0.3998 0.15702 0.0357932 0.0578276 6
0 0.573659 0.099264 0.0315461 0.0551844 7
0 0.746126 0.130402 0.032326 0.0564522 8
0 0.701559 0.189013 0.0336027 0.0513334 9
0 0.397949 0.0402389 0.034519 0.0528096 10
0 0.301866 0.035871 0.0369034 0.0560041 11
0 0.614822 0.0496003 0.0322316 0.0491605 12
0 0.712276 0.0576331 0.0328435 0.0465809 57
