0 0.303095 0.157171 0.0360151 0.0555282 1
0 0.467207 0.0918027 0.0355692 0.0633841 2
0 0.511969 0.172801 0.0332534 0.0530274 3
0 0.614258 0.184472 0.0328845 0.0513584 4
0 0.662291 0.105856 0.0325136 0.0601465 5
0 0.399986 0.156537 0.0367378 0.0602662 6
0 0.57371 0.0998167 0.0326859 0.0584997 7
0 0.745708 0.131562 0.0317966 0.0576278 8
0 0.701745 0.18828 0.0325019 0.0489169 9
0 0.398834 0.0400183 0.0356236 0.0529955 10
0 0.302678 0.0361916 0.0367436 0.056034 11
0 0.61641 0.0502146 0.0330148 0.0497791 12
