0 0.303138 0.156176 0.0370519 0.0571248 1
0 0.467074 0.0919062 0.0348767 0.0619424 2
0 0.5116 0.173972 0.0333471 0.0525468 3
0 0.614074 0.184968 0.0334959 0.0525859 4
0 0.661947 0.10566 0.0313677 0.0573726 5
0 0.399663 0.155246 0.0356936 0.0581331 6
0 0.573646 0.0998586 0.0321989 0.0570677 7
0 0.745394 0.130891 0.0315315 0.0563382 8
0 0.70218 0.18962 0.0338712 0.0511894 9
0 0.39842 0.0393319 0.03618 0.0528827 10
0 0.302848 0.0361219 0.0371579 0.0563096 11
0 0.61499 0.0495413 0.0332522 0.0503151 12
