0 0.302881 0.157094 0.0361355 0.0565359 1
0 0.467044 0.09181 0.0356762 0.0632607 2
0 0.5124 0.173829 0.0329874 0.052889 3
0 0.61355 0.184976 0.0329353 0.0520937 4
0 0.662218 0.106333 0.0322226 0.0596528 5
0 0.399818 0.155448 0.035622 0.0576685 6
0 0.57356 0.0996131 0.0324693 0.0584623 7
0 0.74499 0.130748 0.0315779 0.0554007 8
0 0.701866 0.188482 0.032142 0.0491888 9
0 0.399034 0.0405647 0.0348462 0.0525795 10
0 0.302498 0.0363934 0.0363125 0.0546041 11
0 0.615567 0.0511582 0.0324035 0.0500745 12
