0 0.32602325265135745 0.14111848251344422 0.03082685297623776 0.05023635299831346
0 0.32910593794898113 0.25209515322790005 0.030826852976237745 0.052976517707312806
0 0.4123384409848232 0.23748094144657242 0.030826852976237745 0.052976517707312806
0 0.4107970983360113 0.12833104720478214 0.030826852976237752 0.050236352998313895
0 0.47219391384701803 0.16532327077626735 0.03134063385917528 0.05845684712531071
0 0.5235720021407474 0.23793763556473851 0.031340633859175536 0.053889905943646024
0 0.5795741183809126 0.15390591782210492 0.0333957573909251 0.05754345888897799
0 0.6278695213770177 0.09453568246046157 0.03545088092267584 0.04840957652564841
0 0.6317228779990467 0.2324573061467401 0.03288197650799004 0.05206312947098071
0 0.674880472165779 0.14340195310427511 0.034937100039740744 0.06028362359797781
0 0.772498839923865 0.15299252958577123 0.03596466180561588 0.06485056477964271
0 0.7301119170815374 0.22332342378340975 0.03339575739093066 0.053889905943647454
