0 0.3027091765630777 0.03667253768876886 0.03503985621632367 0.053250534178212315
0 0.30299175604869333 0.15774214841470452 0.03560501518755455 0.056264715358111096
0 0.39850362218673746 0.04169617298860031 0.03447469724509191 0.0492316259383472
0 0.39935136064358445 0.15673742135473823 0.03503985621632236 0.058274169478043654
0 0.46717043719130785 0.09343961657686328 0.03503985621632229 0.060283623597976205
0 0.5739854827539722 0.10047270599662711 0.032779220331398004 0.058274169478043654
0 0.5118179959185593 0.17532487196411434 0.03164890238893571 0.05325053417821221
0 0.6149595081682216 0.05023635299831374 0.03221406136016673 0.046217444758448314
0 0.6132640312545288 0.18486977903379403 0.032214061360166614 0.05023635299831329
0 0.6624328617516282 0.10599870482644187 0.032214061360166614 0.059278896538009655
0 0.7455112305225895 0.13161924485558182 0.028823107532779963 0.05626471535811078
0 0.7028417281946472 0.18989341433362544 0.030518584446472728 0.04822689887838055
