0 0.3012202812272842 0.3109036282529049 0.035030514745724835 0.05646400006422013
0 0.300286134167398 0.43130480486043304 0.03503051474572504 0.05314258829573668
0 0.3969703548655984 0.31505539296350926 0.03503051474572504 0.05314258829573668
0 0.3962697445706837 0.430474451918312 0.03456344121578226 0.05480329417997849
0 0.4646960167073324 0.36861315773030606 0.032228073566067716 0.058955058890583015
0 0.5707217080043927 0.37525598126727305 0.032228073566067716 0.058955058890583015
0 0.6589986051636191 0.3818988048042401 0.032228073566067716 0.058955058890583015
0 0.7421376934934725 0.40431833424150393 0.030359779446296437 0.05563364712209986
0 0.6132253992292047 0.3246044517978989 0.030359779446296833 0.05065152946937472
0 0.6104229580495462 0.45704574606617965 0.03222807356606937 0.048160470643012564
0 0.5081338549920295 0.44749668723178926 0.031293926506183456 0.04899082358513351
0 0.6972986346189433 0.4607823343057232 0.03222807356606968 0.04733011770089206
