0 0.3253339143820634 0.11755306601605359 0.031083743417706488 0.04822689887838097
0 0.3287248682094497 0.23058486026225897 0.029953425475244298 0.05124108005827979
0 0.4132161344084884 0.21450922730279867 0.030518584446475327 0.05325053417821231
0 0.5234221337985389 0.21350450024283243 0.030518584446475327 0.05325053417821231
0 0.6313674973036654 0.2054666837631023 0.031648902388937264 0.05325053417821232
0 0.7302703172690951 0.19340995904350702 0.033909538273861235 0.05325053417821231
0 0.6746021586028396 0.11353415777618857 0.034474697245092265 0.05827416947804362
0 0.7718095016545761 0.12207433778590182 0.03447469724509226 0.06329780477787486
0 0.5790902924647958 0.1265956095557501 0.03221406136016814 0.05827416947804345
0 0.4728404058733628 0.1396570613353116 0.03221406136016814 0.058274169478043446
0 0.626846225533818 0.06731671301774021 0.03390953827386126 0.04822689887838074
0 0.4112380780091814 0.1034868871765259 0.03221406136016801 0.046217444758448176
