0 0.2959571612405629 0.845139176294455 0.0350305147457248 0.06061576477482461
0 0.3912401613489342 0.8418177645259713 0.03409636768583912 0.057294353006341406
0 0.45779813936581104 0.8953755292927679 0.03176100003612445 0.05978541183270475
0 0.5640573674278427 0.8966210587059491 0.031293926506181555 0.05895505889058403
0 0.6067945954176267 0.8405722351127893 0.03082685297623891 0.05480329417997976
0 0.6523342645870686 0.8970362351770094 0.03129392650618199 0.059785411832705034
0 0.7340721323270923 0.9157191763747291 0.029425632386411212 0.053972941237858854
0 0.2936217935908455 0.964709999959861 0.034096367685841386 0.0473301177008926
0 0.3893718672291597 0.959312705836075 0.0340963676858417 0.05148188241149696
0 0.5003018305906212 0.9672010587862232 0.03269514709601336 0.045669411816651545
0 0.6030580071780806 0.970937647025767 0.03269514709601361 0.043178352990288896
0 0.6897001469825063 0.9696921176125851 0.03222807356607102 0.03902658827968446
