0 0.2516465790169815 0.784440376225418 0.034937100039736366 0.062110400070642606
0 0.34720982324331856 0.797227811534079 0.0339095382738619 0.058456847125311046
0 0.4101479814031373 0.8607082939592203 0.03236819562505034 0.061197011834310124
0 0.5154730624052825 0.8776059763313796 0.03236819562505104 0.058456847125311844
0 0.5606857801037642 0.8264562350967327 0.030313072093302335 0.05480329417998078
0 0.602045141180216 0.8922201881127063 0.030826852976240347 0.05480329417998113
0 0.6803967258281531 0.9223619999116943 0.030313072093303486 0.051149741234649305
0 0.24137096135823247 0.9027241528305342 0.03596466180561416 0.04475602358032048
0 0.3377048769089753 0.9118580351938631 0.035450880922677376 0.04658280005298786
0 0.4484246571819623 0.9356061293385196 0.0328819765079917 0.03927569416232472
0 0.5480981484717976 0.9520471175925128 0.03288197650799191 0.03562214121699291
0 0.6333857750393888 0.9657479411375073 0.03288197650799207 0.03379536474432696
