0 0.30292822881739734 0.03516544709881944 0.03750600445442274 0.052063129470979436
0 0.30421268102474014 0.1575594707674376 0.034937100039736727 0.055716682416311475
0 0.3982345826022652 0.04064577651681709 0.033909538273862644 0.05023635299831364
0 0.3990052539266706 0.1557326942947716 0.03442331915680037 0.057543458888977425
0 0.4665674400329247 0.09179551775146344 0.03288197650798881 0.05937023536164341
0 0.5117801577314064 0.1749138472577637 0.030826852976240326 0.05388990594364592
0 0.5736907541253501 0.10001601187845985 0.03236819562505282 0.05754345888897785
0 0.6625748468735024 0.10640972953279064 0.03236819562505282 0.05754345888897785
0 0.7465780212337499 0.13107121191378082 0.029799291210367233 0.05571668241631204
0 0.6153070056432692 0.049779658880146196 0.032368195625055524 0.04658280005298236
0 0.7023928653011403 0.18907136492092438 0.031854414742118815 0.04932296476198135
0 0.6145363343188626 0.1845044237392595 0.031854414742118815 0.04932296476198135
